1728
0.18
1.22615e-16
1.956
0
0
0.890909
2.39515e-16
0.454182
0.166298
0.068883
1.956
0
0
0.733895
0.303989
0.607444
0.166298
-0.068883
1.956
0
0
0.823093
-0.340936
0.454182
0.18
1.22615e-16
1.956
0
0
0.890909
2.39515e-16
0.454182
0.18
-1.16926e-16
-1.956
0
0
0.969015
7.54119e-17
-0.247
0.166298
0.068883
1.956
0
0
0.733895
0.303989
0.607444
0.166298
-0.068883
1.956
0
0
0.823093
-0.340936
0.454182
0.166298
0.068883
1.956
0
0
0.733895
0.303989
0.607444
0.127279
-0.127279
1.956
0
0
0.386968
-0.386968
0.836966
0.166298
-0.068883
1.956
0
0
0.823093
-0.340936
0.454182
0.18
-1.16926e-16
-1.956
0
0
0.969015
7.54119e-17
-0.247
0.18
1.22615e-16
1.956
0
0
0.890909
2.39515e-16
0.454182
0.166298
-0.068883
1.956
0
0
0.823093
-0.340936
0.454182
0.127279
-0.127279
-1.956
0
0
0.561699
-0.561699
-0.607444
0.166298
-0.068883
-1.956
0
0
0.505598
-0.209426
-0.836966
0.127279
-0.127279
1.956
0
0
0.386968
-0.386968
0.836966
0.127279
0.127279
1.956
0
0
0.386968
0.386968
0.836966
0.068883
-0.166298
1.956
0
0
0.303989
-0.733895
0.607444
0.127279
-0.127279
1.956
0
0
0.386968
-0.386968
0.836966
0.127279
-0.127279
-1.956
0
0
0.561699
-0.561699
-0.607444
0.166298
-0.068883
1.956
0
0
0.823093
-0.340936
0.454182
0.068883
-0.166298
1.956
0
0
0.303989
-0.733895
0.607444
0.068883
0.166298
1.956
0
0
0.303989
0.733895
0.607444
-2.59625e-17
-0.18
1.956
0
0
-9.83423e-16
-0.547256
0.836966
0.068883
-0.166298
1.956
0
0
0.303989
-0.733895
0.607444
0.127279
-0.127279
-1.956
0
0
0.561699
-0.561699
-0.607444
0.127279
-0.127279
1.956
0
0
0.386968
-0.386968
0.836966
0.068883
-0.166298
1.956
0
0
0.303989
-0.733895
0.607444
-2.59625e-17
-0.18
-1.956
0
0
7.47458e-16
-0.794363
-0.607444
0.068883
-0.166298
-1.956
0
0
0.209426
-0.505598
-0.836966
-2.59625e-17
-0.18
1.956
0
0
-9.83423e-16
-0.547256
0.836966
-7.00498e-17
0.18
1.956
0
0
-1.47126e-16
0.547256
0.836966
-0.068883
-0.166298
1.956
0
0
-0.303989
-0.733895
0.607444
-2.59625e-17
-0.18
1.956
0
0
-9.83423e-16
-0.547256
0.836966
-2.59625e-17
-0.18
-1.956
0
0
7.47458e-16
-0.794363
-0.607444
0.068883
-0.166298
1.956
0
0
0.303989
-0.733895
0.607444
-0.068883
-0.166298
1.956
0
0
-0.303989
-0.733895
0.607444
-0.068883
0.166298
1.956
0
0
-0.303989
0.733895
0.607444
-0.127279
-0.127279
1.956
0
0
-0.386968
-0.386968
0.836966
-0.068883
-0.166298
1.956
0
0
-0.303989
-0.733895
0.607444
-2.59625e-17
-0.18
-1.956
0
0
7.47458e-16
-0.794363
-0.607444
-2.59625e-17
-0.18
1.956
0
0
-9.83423e-16
-0.547256
0.836966
-0.068883
-0.166298
1.956
0
0
-0.303989
-0.733895
0.607444
-0.127279
-0.127279
-1.956
0
0
-0.561699
-0.561699
-0.607444
-0.068883
-0.166298
-1.956
0
0
-0.209426
-0.505598
-0.836966
-0.127279
-0.127279
1.956
0
0
-0.386968
-0.386968
0.836966
-0.127279
0.127279
1.956
0
0
-0.386968
0.386968
0.836966
-0.166298
-0.068883
1.956
0
0
-0.733895
-0.303989
0.607444
-0.127279
-0.127279
1.956
0
0
-0.386968
-0.386968
0.836966
-0.127279
-0.127279
-1.956
0
0
-0.561699
-0.561699
-0.607444
-0.068883
-0.166298
1.956
0
0
-0.303989
-0.733895
0.607444
-0.166298
-0.068883
1.956
0
0
-0.733895
-0.303989
0.607444
-0.166298
0.068883
1.956
0
0
-0.823093
0.340936
0.454182
-0.18
1.00572e-16
1.956
0
0
-0.890909
-3.65576e-16
0.454182
-0.166298
-0.068883
1.956
0
0
-0.733895
-0.303989
0.607444
-0.127279
-0.127279
-1.956
0
0
-0.561699
-0.561699
-0.607444
-0.127279
-0.127279
1.956
0
0
-0.386968
-0.386968
0.836966
-0.166298
-0.068883
1.956
0
0
-0.733895
-0.303989
0.607444
-0.18
-1.38969e-16
-1.956
0
0
-0.969015
-1.91957e-16
-0.247
-0.166298
-0.068883
-1.956
0
0
-0.646914
-0.26796
-0.713933
-0.18
1.00572e-16
1.956
0
0
-0.890909
-3.65576e-16
0.454182
-0.18
-1.38969e-16
-1.956
0
0
-0.969015
-1.91957e-16
-0.247
-0.166298
-0.068883
1.956
0
0
-0.733895
-0.303989
0.607444
-0.166298
0.068883
1.956
0
0
-0.823093
0.340936
0.454182
-0.166298
-0.068883
1.956
0
0
-0.733895
-0.303989
0.607444
-0.127279
0.127279
1.956
0
0
-0.386968
0.386968
0.836966
-0.166298
0.068883
1.956
0
0
-0.823093
0.340936
0.454182
-0.18
-1.38969e-16
-1.956
0
0
-0.969015
-1.91957e-16
-0.247
-0.18
1.00572e-16
1.956
0
0
-0.890909
-3.65576e-16
0.454182
-0.166298
0.068883
1.956
0
0
-0.823093
0.340936
0.454182
-0.127279
0.127279
-1.956
0
0
-0.561699
0.561699
-0.607444
-0.166298
0.068883
-1.956
0
0
-0.505598
0.209426
-0.836966
-0.127279
0.127279
1.956
0
0
-0.386968
0.386968
0.836966
-0.127279
-0.127279
1.956
0
0
-0.386968
-0.386968
0.836966
-0.068883
0.166298
1.956
0
0
-0.303989
0.733895
0.607444
-0.127279
0.127279
1.956
0
0
-0.386968
0.386968
0.836966
-0.127279
0.127279
-1.956
0
0
-0.561699
0.561699
-0.607444
-0.166298
0.068883
1.956
0
0
-0.823093
0.340936
0.454182
-0.068883
0.166298
1.956
0
0
-0.303989
0.733895
0.607444
-0.068883
-0.166298
1.956
0
0
-0.303989
-0.733895
0.607444
-7.00498e-17
0.18
1.956
0
0
-1.47126e-16
0.547256
0.836966
-0.068883
0.166298
1.956
0
0
-0.303989
0.733895
0.607444
-0.127279
0.127279
-1.956
0
0
-0.561699
0.561699
-0.607444
-0.127279
0.127279
1.956
0
0
-0.386968
0.386968
0.836966
-0.068883
0.166298
1.956
0
0
-0.303989
0.733895
0.607444
-7.00498e-17
0.18
-1.956
0
0
1.0678e-16
0.794363
-0.607444
-0.068883
0.166298
-1.956
0
0
-0.209426
0.505598
-0.836966
-7.00498e-17
0.18
1.956
0
0
-1.47126e-16
0.547256
0.836966
-2.59625e-17
-0.18
1.956
0
0
-9.83423e-16
-0.547256
0.836966
0.068883
0.166298
1.956
0
0
0.303989
0.733895
0.607444
-7.00498e-17
0.18
1.956
0
0
-1.47126e-16
0.547256
0.836966
-7.00498e-17
0.18
-1.956
0
0
1.0678e-16
0.794363
-0.607444
-0.068883
0.166298
1.956
0
0
-0.303989
0.733895
0.607444
0.068883
0.166298
1.956
0
0
0.303989
0.733895
0.607444
0.068883
-0.166298
1.956
0
0
0.303989
-0.733895
0.607444
0.127279
0.127279
1.956
0
0
0.386968
0.386968
0.836966
0.068883
0.166298
1.956
0
0
0.303989
0.733895
0.607444
-7.00498e-17
0.18
-1.956
0
0
1.0678e-16
0.794363
-0.607444
-7.00498e-17
0.18
1.956
0
0
-1.47126e-16
0.547256
0.836966
0.068883
0.166298
1.956
0
0
0.303989
0.733895
0.607444
0.127279
0.127279
-1.956
0
0
0.561699
0.561699
-0.607444
0.068883
0.166298
-1.956
0
0
0.209426
0.505598
-0.836966
0.127279
0.127279
1.956
0
0
0.386968
0.386968
0.836966
0.127279
-0.127279
1.956
0
0
0.386968
-0.386968
0.836966
0.166298
0.068883
1.956
0
0
0.733895
0.303989
0.607444
0.127279
0.127279
1.956
0
0
0.386968
0.386968
0.836966
0.127279
0.127279
-1.956
0
0
0.561699
0.561699
-0.607444
0.068883
0.166298
1.956
0
0
0.303989
0.733895
0.607444
0.166298
0.068883
1.956
0
0
0.733895
0.303989
0.607444
0.18
-1.16926e-16
-1.956
0
0
0.969015
7.54119e-17
-0.247
0.166298
0.068883
-1.956
0
0
0.646914
0.26796
-0.713933
0.166298
0.068883
1.956
0
0
0.733895
0.303989
0.607444
0.127279
0.127279
-1.956
0
0
0.561699
0.561699
-0.607444
0.127279
0.127279
1.956
0
0
0.386968
0.386968
0.836966
0.166298
-0.068883
-1.956
0
0
0.505598
-0.209426
-0.836966
0.18
-1.16926e-16
-1.956
0
0
0.969015
7.54119e-17
-0.247
0.166298
-0.068883
1.956
0
0
0.823093
-0.340936
0.454182
0.166298
-0.068883
-1.956
0
0
0.505598
-0.209426
-0.836966
0.166298
0.068883
-1.956
0
0
0.646914
0.26796
-0.713933
0.18
-1.16926e-16
-1.956
0
0
0.969015
7.54119e-17
-0.247
0.127279
-0.127279
-1.956
0
0
0.561699
-0.561699
-0.607444
0.127279
0.127279
-1.956
0
0
0.561699
0.561699
-0.607444
0.166298
-0.068883
-1.956
0
0
0.505598
-0.209426
-0.836966
0.068883
-0.166298
-1.956
0
0
0.209426
-0.505598
-0.836966
0.127279
-0.127279
-1.956
0
0
0.561699
-0.561699
-0.607444
0.068883
-0.166298
1.956
0
0
0.303989
-0.733895
0.607444
0.068883
-0.166298
-1.956
0
0
0.209426
-0.505598
-0.836966
0.068883
0.166298
-1.956
0
0
0.209426
0.505598
-0.836966
0.127279
-0.127279
-1.956
0
0
0.561699
-0.561699
-0.607444
-2.59625e-17
-0.18
-1.956
0
0
7.47458e-16
-0.794363
-0.607444
-7.00498e-17
0.18
-1.956
0
0
1.0678e-16
0.794363
-0.607444
0.068883
-0.166298
-1.956
0
0
0.209426
-0.505598
-0.836966
-0.068883
-0.166298
-1.956
0
0
-0.209426
-0.505598
-0.836966
-2.59625e-17
-0.18
-1.956
0
0
7.47458e-16
-0.794363
-0.607444
-0.068883
-0.166298
1.956
0
0
-0.303989
-0.733895
0.607444
-0.068883
-0.166298
-1.956
0
0
-0.209426
-0.505598
-0.836966
-0.068883
0.166298
-1.956
0
0
-0.209426
0.505598
-0.836966
-2.59625e-17
-0.18
-1.956
0
0
7.47458e-16
-0.794363
-0.607444
-0.127279
-0.127279
-1.956
0
0
-0.561699
-0.561699
-0.607444
-0.127279
0.127279
-1.956
0
0
-0.561699
0.561699
-0.607444
-0.068883
-0.166298
-1.956
0
0
-0.209426
-0.505598
-0.836966
-0.166298
-0.068883
-1.956
0
0
-0.646914
-0.26796
-0.713933
-0.127279
-0.127279
-1.956
0
0
-0.561699
-0.561699
-0.607444
-0.166298
-0.068883
1.956
0
0
-0.733895
-0.303989
0.607444
-0.166298
-0.068883
-1.956
0
0
-0.646914
-0.26796
-0.713933
-0.166298
0.068883
-1.956
0
0
-0.505598
0.209426
-0.836966
-0.127279
-0.127279
-1.956
0
0
-0.561699
-0.561699
-0.607444
-0.18
-1.38969e-16
-1.956
0
0
-0.969015
-1.91957e-16
-0.247
-0.166298
0.068883
-1.956
0
0
-0.505598
0.209426
-0.836966
-0.166298
-0.068883
-1.956
0
0
-0.646914
-0.26796
-0.713933
-0.166298
0.068883
-1.956
0
0
-0.505598
0.209426
-0.836966
-0.18
-1.38969e-16
-1.956
0
0
-0.969015
-1.91957e-16
-0.247
-0.166298
0.068883
1.956
0
0
-0.823093
0.340936
0.454182
-0.127279
0.127279
-1.956
0
0
-0.561699
0.561699
-0.607444
-0.127279
-0.127279
-1.956
0
0
-0.561699
-0.561699
-0.607444
-0.166298
0.068883
-1.956
0
0
-0.505598
0.209426
-0.836966
-0.068883
0.166298
-1.956
0
0
-0.209426
0.505598
-0.836966
-0.068883
-0.166298
-1.956
0
0
-0.209426
-0.505598
-0.836966
-0.127279
0.127279
-1.956
0
0
-0.561699
0.561699
-0.607444
-0.068883
0.166298
-1.956
0
0
-0.209426
0.505598
-0.836966
-0.127279
0.127279
-1.956
0
0
-0.561699
0.561699
-0.607444
-0.068883
0.166298
1.956
0
0
-0.303989
0.733895
0.607444
-7.00498e-17
0.18
-1.956
0
0
1.0678e-16
0.794363
-0.607444
-2.59625e-17
-0.18
-1.956
0
0
7.47458e-16
-0.794363
-0.607444
-0.068883
0.166298
-1.956
0
0
-0.209426
0.505598
-0.836966
0.068883
0.166298
-1.956
0
0
0.209426
0.505598
-0.836966
0.068883
-0.166298
-1.956
0
0
0.209426
-0.505598
-0.836966
-7.00498e-17
0.18
-1.956
0
0
1.0678e-16
0.794363
-0.607444
0.068883
0.166298
-1.956
0
0
0.209426
0.505598
-0.836966
-7.00498e-17
0.18
-1.956
0
0
1.0678e-16
0.794363
-0.607444
0.068883
0.166298
1.956
0
0
0.303989
0.733895
0.607444
0.127279
0.127279
-1.956
0
0
0.561699
0.561699
-0.607444
0.127279
-0.127279
-1.956
0
0
0.561699
-0.561699
-0.607444
0.068883
0.166298
-1.956
0
0
0.209426
0.505598
-0.836966
0.166298
0.068883
-1.956
0
0
0.646914
0.26796
-0.713933
0.166298
-0.068883
-1.956
0
0
0.505598
-0.209426
-0.836966
0.127279
0.127279
-1.956
0
0
0.561699
0.561699
-0.607444
0.166298
0.068883
-1.956
0
0
0.646914
0.26796
-0.713933
0.127279
0.127279
-1.956
0
0
0.561699
0.561699
-0.607444
0.166298
0.068883
1.956
0
0
0.733895
0.303989
0.607444
0.176889
0.206424
-0.0542222
0
0
-0.57735
0.57735
-0.57735
2.17689
0.206424
-0.0542222
0
0
0.57735
0.57735
-0.57735
0.176889
-0.206424
-0.0542222
0
0
-0.57735
-0.57735
-0.57735
0.176889
-0.206424
-0.0542222
0
0
-0.57735
-0.57735
-0.57735
0.176889
0.206424
1.94578
0
0
-0.57735
0.57735
0.57735
0.176889
0.206424
-0.0542222
0
0
-0.57735
0.57735
-0.57735
0.176889
-0.206424
-0.0542222
0
0
-0.57735
-0.57735
-0.57735
2.17689
0.206424
-0.0542222
0
0
0.57735
0.57735
-0.57735
2.17689
-0.206424
-0.0542222
0
0
0.57735
-0.57735
-0.57735
0.176889
-0.206424
-0.0542222
0
0
-0.57735
-0.57735
-0.57735
2.17689
-0.206424
1.94578
0
0
0.57735
-0.57735
0.57735
0.176889
-0.206424
1.94578
0
0
-0.57735
-0.57735
0.57735
0.176889
0.206424
1.94578
0
0
-0.57735
0.57735
0.57735
2.17689
0.206424
-0.0542222
0
0
0.57735
0.57735
-0.57735
0.176889
0.206424
-0.0542222
0
0
-0.57735
0.57735
-0.57735
0.176889
0.206424
1.94578
0
0
-0.57735
0.57735
0.57735
2.17689
-0.206424
1.94578
0
0
0.57735
-0.57735
0.57735
2.17689
0.206424
1.94578
0
0
0.57735
0.57735
0.57735
0.176889
-0.206424
1.94578
0
0
-0.57735
-0.57735
0.57735
0.176889
0.206424
1.94578
0
0
-0.57735
0.57735
0.57735
0.176889
-0.206424
-0.0542222
0
0
-0.57735
-0.57735
-0.57735
0.176889
-0.206424
1.94578
0
0
-0.57735
-0.57735
0.57735
2.17689
-0.206424
1.94578
0
0
0.57735
-0.57735
0.57735
0.176889
0.206424
1.94578
0
0
-0.57735
0.57735
0.57735
2.17689
0.206424
-0.0542222
0
0
0.57735
0.57735
-0.57735
2.17689
-0.206424
1.94578
0
0
0.57735
-0.57735
0.57735
2.17689
-0.206424
-0.0542222
0
0
0.57735
-0.57735
-0.57735
2.17689
-0.206424
-0.0542222
0
0
0.57735
-0.57735
-0.57735
2.17689
-0.206424
1.94578
0
0
0.57735
-0.57735
0.57735
0.176889
-0.206424
-0.0542222
0
0
-0.57735
-0.57735
-0.57735
2.17689
0.206424
1.94578
0
0
0.57735
0.57735
0.57735
2.17689
0.206424
-0.0542222
0
0
0.57735
0.57735
-0.57735
0.176889
0.206424
1.94578
0
0
-0.57735
0.57735
0.57735
2.17689
0.206424
1.94578
0
0
0.57735
0.57735
0.57735
2.17689
-0.206424
1.94578
0
0
0.57735
-0.57735
0.57735
2.17689
0.206424
-0.0542222
0
0
0.57735
0.57735
-0.57735
