12288
1
1.54305e-17
0.252
0
0
0.700215
7.92624e-17
0.713933
1
-1.54305e-17
-0.252
0
0
0.700215
8.42163e-17
-0.713933
0.92388
0.382683
0.252
0
0
0.646914
0.26796
0.713933
1
1.54305e-17
0.252
0
0
0.700215
7.92624e-17
0.713933
0.42428
-4.97394e-17
0.252
0
0
-0.700215
-2.62557e-16
0.713933
0.92388
-0.382683
0.252
0
0
0.646914
-0.26796
0.713933
0.92388
-0.382683
0.252
0
0
0.646914
-0.26796
0.713933
1
-1.54305e-17
-0.252
0
0
0.700215
8.42163e-17
-0.713933
1
1.54305e-17
0.252
0
0
0.700215
7.92624e-17
0.713933
0.92388
-0.382683
0.252
0
0
0.646914
-0.26796
0.713933
0.707107
-0.707107
-0.252
0
0
0.495126
-0.495126
-0.713933
0.92388
-0.382683
-0.252
0
0
0.646914
-0.26796
-0.713933
0.92388
-0.382683
0.252
0
0
0.646914
-0.26796
0.713933
0.300012
-0.300012
0.252
0
0
-0.495126
0.495126
0.713933
0.707107
-0.707107
0.252
0
0
0.495126
-0.495126
0.713933
0.707107
-0.707107
0.252
0
0
0.495126
-0.495126
0.713933
0.707107
-0.707107
-0.252
0
0
0.495126
-0.495126
-0.713933
0.92388
-0.382683
0.252
0
0
0.646914
-0.26796
0.713933
0.707107
-0.707107
0.252
0
0
0.495126
-0.495126
0.713933
0.300012
-0.300012
0.252
0
0
-0.495126
0.495126
0.713933
0.382683
-0.92388
0.252
0
0
0.26796
-0.646914
0.713933
0.382683
-0.92388
0.252
0
0
0.26796
-0.646914
0.713933
0.707107
-0.707107
-0.252
0
0
0.495126
-0.495126
-0.713933
0.707107
-0.707107
0.252
0
0
0.495126
-0.495126
0.713933
0.382683
-0.92388
0.252
0
0
0.26796
-0.646914
0.713933
6.12323e-17
-1
-0.252
0
0
0
-0.700215
-0.713933
0.382683
-0.92388
-0.252
0
0
0.26796
-0.646914
-0.713933
0.382683
-0.92388
0.252
0
0
0.26796
-0.646914
0.713933
6.12323e-17
-0.42428
0.252
0
0
2.27879e-16
0.700215
0.713933
6.12323e-17
-1
0.252
0
0
0
-0.700215
0.713933
6.12323e-17
-1
0.252
0
0
0
-0.700215
0.713933
6.12323e-17
-1
-0.252
0
0
0
-0.700215
-0.713933
0.382683
-0.92388
0.252
0
0
0.26796
-0.646914
0.713933
6.12323e-17
-1
0.252
0
0
0
-0.700215
0.713933
6.12323e-17
-0.42428
0.252
0
0
2.27879e-16
0.700215
0.713933
-0.382683
-0.92388
0.252
0
0
-0.26796
-0.646914
0.713933
-0.382683
-0.92388
0.252
0
0
-0.26796
-0.646914
0.713933
6.12323e-17
-1
-0.252
0
0
0
-0.700215
-0.713933
6.12323e-17
-1
0.252
0
0
0
-0.700215
0.713933
-0.382683
-0.92388
0.252
0
0
-0.26796
-0.646914
0.713933
-0.707107
-0.707107
-0.252
0
0
-0.495126
-0.495126
-0.713933
-0.382683
-0.92388
-0.252
0
0
-0.26796
-0.646914
-0.713933
-0.382683
-0.92388
0.252
0
0
-0.26796
-0.646914
0.713933
-0.300012
-0.300012
0.252
0
0
0.495126
0.495126
0.713933
-0.707107
-0.707107
0.252
0
0
-0.495126
-0.495126
0.713933
-0.707107
-0.707107
0.252
0
0
-0.495126
-0.495126
0.713933
-0.707107
-0.707107
-0.252
0
0
-0.495126
-0.495126
-0.713933
-0.382683
-0.92388
0.252
0
0
-0.26796
-0.646914
0.713933
-0.707107
-0.707107
0.252
0
0
-0.495126
-0.495126
0.713933
-0.300012
-0.300012
0.252
0
0
0.495126
0.495126
0.713933
-0.92388
-0.382683
0.252
0
0
-0.646914
-0.26796
0.713933
-0.92388
-0.382683
0.252
0
0
-0.646914
-0.26796
0.713933
-0.707107
-0.707107
-0.252
0
0
-0.495126
-0.495126
-0.713933
-0.707107
-0.707107
0.252
0
0
-0.495126
-0.495126
0.713933
-0.92388
-0.382683
0.252
0
0
-0.646914
-0.26796
0.713933
-1
-1.37895e-16
-0.252
0
0
-0.700215
-9.9078e-17
-0.713933
-0.92388
-0.382683
-0.252
0
0
-0.646914
-0.26796
-0.713933
-0.92388
-0.382683
0.252
0
0
-0.646914
-0.26796
0.713933
-0.42428
-1.74255e-17
0.252
0
0
0.700215
1.98156e-17
0.713933
-1
-1.07034e-16
0.252
0
0
-0.700215
-1.98156e-16
0.713933
-1
-1.07034e-16
0.252
0
0
-0.700215
-1.98156e-16
0.713933
-1
-1.37895e-16
-0.252
0
0
-0.700215
-9.9078e-17
-0.713933
-0.92388
-0.382683
0.252
0
0
-0.646914
-0.26796
0.713933
-1
-1.07034e-16
0.252
0
0
-0.700215
-1.98156e-16
0.713933
-0.42428
-1.74255e-17
0.252
0
0
0.700215
1.98156e-17
0.713933
-0.92388
0.382683
0.252
0
0
-0.646914
0.26796
0.713933
-0.92388
0.382683
0.252
0
0
-0.646914
0.26796
0.713933
-1
-1.37895e-16
-0.252
0
0
-0.700215
-9.9078e-17
-0.713933
-1
-1.07034e-16
0.252
0
0
-0.700215
-1.98156e-16
0.713933
-0.92388
0.382683
0.252
0
0
-0.646914
0.26796
0.713933
-0.707107
0.707107
-0.252
0
0
-0.495126
0.495126
-0.713933
-0.92388
0.382683
-0.252
0
0
-0.646914
0.26796
-0.713933
-0.92388
0.382683
0.252
0
0
-0.646914
0.26796
0.713933
-0.300012
0.300012
0.252
0
0
0.495126
-0.495126
0.713933
-0.707107
0.707107
0.252
0
0
-0.495126
0.495126
0.713933
-0.707107
0.707107
0.252
0
0
-0.495126
0.495126
0.713933
-0.707107
0.707107
-0.252
0
0
-0.495126
0.495126
-0.713933
-0.92388
0.382683
0.252
0
0
-0.646914
0.26796
0.713933
-0.707107
0.707107
0.252
0
0
-0.495126
0.495126
0.713933
-0.300012
0.300012
0.252
0
0
0.495126
-0.495126
0.713933
-0.382683
0.92388
0.252
0
0
-0.26796
0.646914
0.713933
-0.382683
0.92388
0.252
0
0
-0.26796
0.646914
0.713933
-0.707107
0.707107
-0.252
0
0
-0.495126
0.495126
-0.713933
-0.707107
0.707107
0.252
0
0
-0.495126
0.495126
0.713933
-0.382683
0.92388
0.252
0
0
-0.26796
0.646914
0.713933
-1.83697e-16
1
-0.252
0
0
-1.08986e-16
0.700215
-0.713933
-0.382683
0.92388
-0.252
0
0
-0.26796
0.646914
-0.713933
-0.382683
0.92388
0.252
0
0
-0.26796
0.646914
0.713933
-1.02235e-16
0.42428
0.252
0
0
2.27879e-16
-0.700215
0.713933
-1.83697e-16
1
0.252
0
0
-1.18894e-16
0.700215
0.713933
-1.83697e-16
1
0.252
0
0
-1.18894e-16
0.700215
0.713933
-1.83697e-16
1
-0.252
0
0
-1.08986e-16
0.700215
-0.713933
-0.382683
0.92388
0.252
0
0
-0.26796
0.646914
0.713933
-1.83697e-16
1
0.252
0
0
-1.18894e-16
0.700215
0.713933
-1.02235e-16
0.42428
0.252
0
0
2.27879e-16
-0.700215
0.713933
0.382683
0.92388
0.252
0
0
0.26796
0.646914
0.713933
0.382683
0.92388
0.252
0
0
0.26796
0.646914
0.713933
-1.83697e-16
1
-0.252
0
0
-1.08986e-16
0.700215
-0.713933
-1.83697e-16
1
0.252
0
0
-1.18894e-16
0.700215
0.713933
0.382683
0.92388
0.252
0
0
0.26796
0.646914
0.713933
0.707107
0.707107
-0.252
0
0
0.495126
0.495126
-0.713933
0.382683
0.92388
-0.252
0
0
0.26796
0.646914
-0.713933
0.382683
0.92388
0.252
0
0
0.26796
0.646914
0.713933
0.300012
0.300012
0.252
0
0
-0.495126
-0.495126
0.713933
0.707107
0.707107
0.252
0
0
0.495126
0.495126
0.713933
0.707107
0.707107
0.252
0
0
0.495126
0.495126
0.713933
0.707107
0.707107
-0.252
0
0
0.495126
0.495126
-0.713933
0.382683
0.92388
0.252
0
0
0.26796
0.646914
0.713933
0.707107
0.707107
0.252
0
0
0.495126
0.495126
0.713933
0.300012
0.300012
0.252
0
0
-0.495126
-0.495126
0.713933
0.92388
0.382683
0.252
0
0
0.646914
0.26796
0.713933
0.92388
0.382683
0.252
0
0
0.646914
0.26796
0.713933
1
-1.54305e-17
-0.252
0
0
0.700215
8.42163e-17
-0.713933
0.92388
0.382683
-0.252
0
0
0.646914
0.26796
-0.713933
0.92388
0.382683
0.252
0
0
0.646914
0.26796
0.713933
0.707107
0.707107
-0.252
0
0
0.495126
0.495126
-0.713933
0.707107
0.707107
0.252
0
0
0.495126
0.495126
0.713933
0.92388
0.382683
0.252
0
0
0.646914
0.26796
0.713933
0.42428
-4.97394e-17
0.252
0
0
-0.700215
-2.62557e-16
0.713933
1
1.54305e-17
0.252
0
0
0.700215
7.92624e-17
0.713933
1
-1.54305e-17
-0.252
0
0
0.700215
8.42163e-17
-0.713933
0.391984
0.162365
-0.252
0
0
-0.646914
-0.26796
-0.713933
0.92388
0.382683
-0.252
0
0
0.646914
0.26796
-0.713933
0.92388
-0.382683
-0.252
0
0
0.646914
-0.26796
-0.713933
1
-1.54305e-17
-0.252
0
0
0.700215
8.42163e-17
-0.713933
0.92388
-0.382683
0.252
0
0
0.646914
-0.26796
0.713933
0.92388
-0.382683
-0.252
0
0
0.646914
-0.26796
-0.713933
0.391984
-0.162365
-0.252
0
0
-0.646914
0.26796
-0.713933
1
-1.54305e-17
-0.252
0
0
0.700215
8.42163e-17
-0.713933
0.707107
-0.707107
-0.252
0
0
0.495126
-0.495126
-0.713933
0.391984
-0.162365
-0.252
0
0
-0.646914
0.26796
-0.713933
0.92388
-0.382683
-0.252
0
0
0.646914
-0.26796
-0.713933
0.382683
-0.92388
-0.252
0
0
0.26796
-0.646914
-0.713933
0.707107
-0.707107
-0.252
0
0
0.495126
-0.495126
-0.713933
0.382683
-0.92388
0.252
0
0
0.26796
-0.646914
0.713933
0.382683
-0.92388
-0.252
0
0
0.26796
-0.646914
-0.713933
0.162365
-0.391984
-0.252
0
0
-0.26796
0.646914
-0.713933
0.707107
-0.707107
-0.252
0
0
0.495126
-0.495126
-0.713933
6.12323e-17
-1
-0.252
0
0
0
-0.700215
-0.713933
0.162365
-0.391984
-0.252
0
0
-0.26796
0.646914
-0.713933
0.382683
-0.92388
-0.252
0
0
0.26796
-0.646914
-0.713933
-0.382683
-0.92388
-0.252
0
0
-0.26796
-0.646914
-0.713933
6.12323e-17
-1
-0.252
0
0
0
-0.700215
-0.713933
-0.382683
-0.92388
0.252
0
0
-0.26796
-0.646914
0.713933
-0.382683
-0.92388
-0.252
0
0
-0.26796
-0.646914
-0.713933
-0.162365
-0.391984
-0.252
0
0
0.26796
0.646914
-0.713933
6.12323e-17
-1
-0.252
0
0
0
-0.700215
-0.713933
-0.707107
-0.707107
-0.252
0
0
-0.495126
-0.495126
-0.713933
-0.162365
-0.391984
-0.252
0
0
0.26796
0.646914
-0.713933
-0.382683
-0.92388
-0.252
0
0
-0.26796
-0.646914
-0.713933
-0.92388
-0.382683
-0.252
0
0
-0.646914
-0.26796
-0.713933
-0.707107
-0.707107
-0.252
0
0
-0.495126
-0.495126
-0.713933
-0.92388
-0.382683
0.252
0
0
-0.646914
-0.26796
0.713933
-0.92388
-0.382683
-0.252
0
0
-0.646914
-0.26796
-0.713933
-0.391984
-0.162365
-0.252
0
0
0.646914
0.26796
-0.713933
-0.707107
-0.707107
-0.252
0
0
-0.495126
-0.495126
-0.713933
-1
-1.37895e-16
-0.252
0
0
-0.700215
-9.9078e-17
-0.713933
-0.391984
-0.162365
-0.252
0
0
0.646914
0.26796
-0.713933
-0.92388
-0.382683
-0.252
0
0
-0.646914
-0.26796
-0.713933
-0.92388
0.382683
-0.252
0
0
-0.646914
0.26796
-0.713933
-1
-1.37895e-16
-0.252
0
0
-0.700215
-9.9078e-17
-0.713933
-0.92388
0.382683
0.252
0
0
-0.646914
0.26796
0.713933
-0.92388
0.382683
-0.252
0
0
-0.646914
0.26796
-0.713933
-0.391984
0.162365
-0.252
0
0
0.646914
-0.26796
-0.713933
-1
-1.37895e-16
-0.252
0
0
-0.700215
-9.9078e-17
-0.713933
-0.707107
0.707107
-0.252
0
0
-0.495126
0.495126
-0.713933
-0.391984
0.162365
-0.252
0
0
0.646914
-0.26796
-0.713933
-0.92388
0.382683
-0.252
0
0
-0.646914
0.26796
-0.713933
-0.382683
0.92388
-0.252
0
0
-0.26796
0.646914
-0.713933
-0.707107
0.707107
-0.252
0
0
-0.495126
0.495126
-0.713933
-0.382683
0.92388
0.252
0
0
-0.26796
0.646914
0.713933
-0.382683
0.92388
-0.252
0
0
-0.26796
0.646914
-0.713933
-0.162365
0.391984
-0.252
0
0
0.26796
-0.646914
-0.713933
-0.707107
0.707107
-0.252
0
0
-0.495126
0.495126
-0.713933
-1.83697e-16
1
-0.252
0
0
-1.08986e-16
0.700215
-0.713933
-0.162365
0.391984
-0.252
0
0
0.26796
-0.646914
-0.713933
-0.382683
0.92388
-0.252
0
0
-0.26796
0.646914
-0.713933
0.382683
0.92388
-0.252
0
0
0.26796
0.646914
-0.713933
-1.83697e-16
1
-0.252
0
0
-1.08986e-16
0.700215
-0.713933
0.382683
0.92388
0.252
0
0
0.26796
0.646914
0.713933
0.382683
0.92388
-0.252
0
0
0.26796
0.646914
-0.713933
0.162365
0.391984
-0.252
0
0
-0.26796
-0.646914
-0.713933
-1.83697e-16
1
-0.252
0
0
-1.08986e-16
0.700215
-0.713933
0.707107
0.707107
-0.252
0
0
0.495126
0.495126
-0.713933
0.162365
0.391984
-0.252
0
0
-0.26796
-0.646914
-0.713933
0.382683
0.92388
-0.252
0
0
0.26796
0.646914
-0.713933
0.92388
0.382683
-0.252
0
0
0.646914
0.26796
-0.713933
0.707107
0.707107
-0.252
0
0
0.495126
0.495126
-0.713933
0.92388
0.382683
0.252
0
0
0.646914
0.26796
0.713933
0.92388
0.382683
-0.252
0
0
0.646914
0.26796
-0.713933
0.391984
0.162365
-0.252
0
0
-0.646914
-0.26796
-0.713933
0.707107
0.707107
-0.252
0
0
0.495126
0.495126
-0.713933
0.42428
-4.97394e-17
0.252
0
0
-0.700215
-2.62557e-16
0.713933
0.92388
0.382683
0.252
0
0
0.646914
0.26796
0.713933
0.391984
0.162365
0.252
0
0
-0.646914
-0.26796
0.713933
0.42428
-4.97394e-17
0.252
0
0
-0.700215
-2.62557e-16
0.713933
0.391984
-0.162365
-0.252
0
0
-0.646914
0.26796
-0.713933
0.391984
-0.162365
0.252
0
0
-0.646914
0.26796
0.713933
0.42428
-4.97394e-17
0.252
0
0
-0.700215
-2.62557e-16
0.713933
0.391984
0.162365
-0.252
0
0
-0.646914
-0.26796
-0.713933
0.42428
-8.06005e-17
-0.252
0
0
-0.700215
-2.77419e-16
-0.713933
0.391984
-0.162365
0.252
0
0
-0.646914
0.26796
0.713933
0.92388
-0.382683
0.252
0
0
0.646914
-0.26796
0.713933
0.42428
-4.97394e-17
0.252
0
0
-0.700215
-2.62557e-16
0.713933
0.391984
-0.162365
0.252
0
0
-0.646914
0.26796
0.713933
0.391984
-0.162365
-0.252
0
0
-0.646914
0.26796
-0.713933
0.300012
-0.300012
0.252
0
0
-0.495126
0.495126
0.713933
0.300012
-0.300012
0.252
0
0
-0.495126
0.495126
0.713933
0.92388
-0.382683
0.252
0
0
0.646914
-0.26796
0.713933
0.391984
-0.162365
0.252
0
0
-0.646914
0.26796
0.713933
0.300012
-0.300012
0.252
0
0
-0.495126
0.495126
0.713933
0.391984
-0.162365
-0.252
0
0
-0.646914
0.26796
-0.713933
0.300012
-0.300012
-0.252
0
0
-0.495126
0.495126
-0.713933
0.300012
-0.300012
0.252
0
0
-0.495126
0.495126
0.713933
0.162365
-0.391984
-0.252
0
0
-0.26796
0.646914
-0.713933
0.162365
-0.391984
0.252
0
0
-0.26796
0.646914
0.713933
0.162365
-0.391984
0.252
0
0
-0.26796
0.646914
0.713933
0.382683
-0.92388
0.252
0
0
0.26796
-0.646914
0.713933
0.300012
-0.300012
0.252
0
0
-0.495126
0.495126
0.713933
0.162365
-0.391984
0.252
0
0
-0.26796
0.646914
0.713933
0.162365
-0.391984
-0.252
0
0
-0.26796
0.646914
-0.713933
6.12323e-17
-0.42428
0.252
0
0
2.27879e-16
0.700215
0.713933
6.12323e-17
-0.42428
0.252
0
0
2.27879e-16
0.700215
0.713933
0.382683
-0.92388
0.252
0
0
0.26796
-0.646914
0.713933
0.162365
-0.391984
0.252
0
0
-0.26796
0.646914
0.713933
6.12323e-17
-0.42428
0.252
0
0
2.27879e-16
0.700215
0.713933
0.162365
-0.391984
-0.252
0
0
-0.26796
0.646914
-0.713933
6.12323e-17
-0.42428
-0.252
0
0
2.27879e-16
0.700215
-0.713933
6.12323e-17
-0.42428
0.252
0
0
2.27879e-16
0.700215
0.713933
-0.162365
-0.391984
-0.252
0
0
0.26796
0.646914
-0.713933
-0.162365
-0.391984
0.252
0
0
0.26796
0.646914
0.713933
-0.162365
-0.391984
0.252
0
0
0.26796
0.646914
0.713933
-0.382683
-0.92388
0.252
0
0
-0.26796
-0.646914
0.713933
6.12323e-17
-0.42428
0.252
0
0
2.27879e-16
0.700215
0.713933
-0.162365
-0.391984
0.252
0
0
0.26796
0.646914
0.713933
-0.162365
-0.391984
-0.252
0
0
0.26796
0.646914
-0.713933
-0.300012
-0.300012
0.252
0
0
0.495126
0.495126
0.713933
-0.300012
-0.300012
0.252
0
0
0.495126
0.495126
0.713933
-0.382683
-0.92388
0.252
0
0
-0.26796
-0.646914
0.713933
-0.162365
-0.391984
0.252
0
0
0.26796
0.646914
0.713933
-0.300012
-0.300012
0.252
0
0
0.495126
0.495126
0.713933
-0.162365
-0.391984
-0.252
0
0
0.26796
0.646914
-0.713933
-0.300012
-0.300012
-0.252
0
0
0.495126
0.495126
-0.713933
-0.300012
-0.300012
0.252
0
0
0.495126
0.495126
0.713933
-0.391984
-0.162365
-0.252
0
0
0.646914
0.26796
-0.713933
-0.391984
-0.162365
0.252
0
0
0.646914
0.26796
0.713933
-0.391984
-0.162365
0.252
0
0
0.646914
0.26796
0.713933
-0.92388
-0.382683
0.252
0
0
-0.646914
-0.26796
0.713933
-0.300012
-0.300012
0.252
0
0
0.495126
0.495126
0.713933
-0.391984
-0.162365
0.252
0
0
0.646914
0.26796
0.713933
-0.391984
-0.162365
-0.252
0
0
0.646914
0.26796
-0.713933
-0.42428
-1.74255e-17
0.252
0
0
0.700215
1.98156e-17
0.713933
-0.42428
-1.74255e-17
0.252
0
0
0.700215
1.98156e-17
0.713933
-0.92388
-0.382683
0.252
0
0
-0.646914
-0.26796
0.713933
-0.391984
-0.162365
0.252
0
0
0.646914
0.26796
0.713933
-0.42428
-1.74255e-17
0.252
0
0
0.700215
1.98156e-17
0.713933
-0.391984
-0.162365
-0.252
0
0
0.646914
0.26796
-0.713933
-0.42428
-4.82866e-17
-0.252
0
0
0.700215
9.9078e-18
-0.713933
-0.42428
-1.74255e-17
0.252
0
0
0.700215
1.98156e-17
0.713933
-0.391984
0.162365
-0.252
0
0
0.646914
-0.26796
-0.713933
-0.391984
0.162365
0.252
0
0
0.646914
-0.26796
0.713933
-0.391984
0.162365
0.252
0
0
0.646914
-0.26796
0.713933
-0.92388
0.382683
0.252
0
0
-0.646914
0.26796
0.713933
-0.42428
-1.74255e-17
0.252
0
0
0.700215
1.98156e-17
0.713933
-0.391984
0.162365
0.252
0
0
0.646914
-0.26796
0.713933
-0.391984
0.162365
-0.252
0
0
0.646914
-0.26796
-0.713933
-0.300012
0.300012
0.252
0
0
0.495126
-0.495126
0.713933
-0.300012
0.300012
0.252
0
0
0.495126
-0.495126
0.713933
-0.92388
0.382683
0.252
0
0
-0.646914
0.26796
0.713933
-0.391984
0.162365
0.252
0
0
0.646914
-0.26796
0.713933
-0.300012
0.300012
0.252
0
0
0.495126
-0.495126
0.713933
-0.391984
0.162365
-0.252
0
0
0.646914
-0.26796
-0.713933
-0.300012
0.300012
-0.252
0
0
0.495126
-0.495126
-0.713933
-0.300012
0.300012
0.252
0
0
0.495126
-0.495126
0.713933
-0.162365
0.391984
-0.252
0
0
0.26796
-0.646914
-0.713933
-0.162365
0.391984
0.252
0
0
0.26796
-0.646914
0.713933
-0.162365
0.391984
0.252
0
0
0.26796
-0.646914
0.713933
-0.382683
0.92388
0.252
0
0
-0.26796
0.646914
0.713933
-0.300012
0.300012
0.252
0
0
0.495126
-0.495126
0.713933
-0.162365
0.391984
0.252
0
0
0.26796
-0.646914
0.713933
-0.162365
0.391984
-0.252
0
0
0.26796
-0.646914
-0.713933
-1.02235e-16
0.42428
0.252
0
0
2.27879e-16
-0.700215
0.713933
-1.02235e-16
0.42428
0.252
0
0
2.27879e-16
-0.700215
0.713933
-0.382683
0.92388
0.252
0
0
-0.26796
0.646914
0.713933
-0.162365
0.391984
0.252
0
0
0.26796
-0.646914
0.713933
-1.02235e-16
0.42428
0.252
0
0
2.27879e-16
-0.700215
0.713933
-0.162365
0.391984
-0.252
0
0
0.26796
-0.646914
-0.713933
-1.02235e-16
0.42428
-0.252
0
0
2.17972e-16
-0.700215
-0.713933
-1.02235e-16
0.42428
0.252
0
0
2.27879e-16
-0.700215
0.713933
0.162365
0.391984
-0.252
0
0
-0.26796
-0.646914
-0.713933
0.162365
0.391984
0.252
0
0
-0.26796
-0.646914
0.713933
0.162365
0.391984
0.252
0
0
-0.26796
-0.646914
0.713933
0.382683
0.92388
0.252
0
0
0.26796
0.646914
0.713933
-1.02235e-16
0.42428
0.252
0
0
2.27879e-16
-0.700215
0.713933
0.162365
0.391984
0.252
0
0
-0.26796
-0.646914
0.713933
0.162365
0.391984
-0.252
0
0
-0.26796
-0.646914
-0.713933
0.300012
0.300012
0.252
0
0
-0.495126
-0.495126
0.713933
0.300012
0.300012
0.252
0
0
-0.495126
-0.495126
0.713933
0.382683
0.92388
0.252
0
0
0.26796
0.646914
0.713933
0.162365
0.391984
0.252
0
0
-0.26796
-0.646914
0.713933
0.300012
0.300012
0.252
0
0
-0.495126
-0.495126
0.713933
0.162365
0.391984
-0.252
0
0
-0.26796
-0.646914
-0.713933
0.300012
0.300012
-0.252
0
0
-0.495126
-0.495126
-0.713933
0.300012
0.300012
0.252
0
0
-0.495126
-0.495126
0.713933
0.391984
0.162365
-0.252
0
0
-0.646914
-0.26796
-0.713933
0.391984
0.162365
0.252
0
0
-0.646914
-0.26796
0.713933
0.391984
0.162365
0.252
0
0
-0.646914
-0.26796
0.713933
0.92388
0.382683
0.252
0
0
0.646914
0.26796
0.713933
0.300012
0.300012
0.252
0
0
-0.495126
-0.495126
0.713933
0.391984
0.162365
0.252
0
0
-0.646914
-0.26796
0.713933
0.391984
0.162365
-0.252
0
0
-0.646914
-0.26796
-0.713933
0.42428
-4.97394e-17
0.252
0
0
-0.700215
-2.62557e-16
0.713933
0.42428
-8.06005e-17
-0.252
0
0
-0.700215
-2.77419e-16
-0.713933
1
-1.54305e-17
-0.252
0
0
0.700215
8.42163e-17
-0.713933
0.391984
-0.162365
-0.252
0
0
-0.646914
0.26796
-0.713933
0.42428
-8.06005e-17
-0.252
0
0
-0.700215
-2.77419e-16
-0.713933
0.391984
-0.162365
-0.252
0
0
-0.646914
0.26796
-0.713933
0.42428
-4.97394e-17
0.252
0
0
-0.700215
-2.62557e-16
0.713933
0.391984
-0.162365
-0.252
0
0
-0.646914
0.26796
-0.713933
0.707107
-0.707107
-0.252
0
0
0.495126
-0.495126
-0.713933
0.300012
-0.300012
-0.252
0
0
-0.495126
0.495126
-0.713933
0.300012
-0.300012
-0.252
0
0
-0.495126
0.495126
-0.713933
0.707107
-0.707107
-0.252
0
0
0.495126
-0.495126
-0.713933
0.162365
-0.391984
-0.252
0
0
-0.26796
0.646914
-0.713933
0.300012
-0.300012
-0.252
0
0
-0.495126
0.495126
-0.713933
0.162365
-0.391984
-0.252
0
0
-0.26796
0.646914
-0.713933
0.300012
-0.300012
0.252
0
0
-0.495126
0.495126
0.713933
0.162365
-0.391984
-0.252
0
0
-0.26796
0.646914
-0.713933
6.12323e-17
-1
-0.252
0
0
0
-0.700215
-0.713933
6.12323e-17
-0.42428
-0.252
0
0
2.27879e-16
0.700215
-0.713933
6.12323e-17
-0.42428
-0.252
0
0
2.27879e-16
0.700215
-0.713933
6.12323e-17
-1
-0.252
0
0
0
-0.700215
-0.713933
-0.162365
-0.391984
-0.252
0
0
0.26796
0.646914
-0.713933
6.12323e-17
-0.42428
-0.252
0
0
2.27879e-16
0.700215
-0.713933
-0.162365
-0.391984
-0.252
0
0
0.26796
0.646914
-0.713933
6.12323e-17
-0.42428
0.252
0
0
2.27879e-16
0.700215
0.713933
-0.162365
-0.391984
-0.252
0
0
0.26796
0.646914
-0.713933
-0.707107
-0.707107
-0.252
0
0
-0.495126
-0.495126
-0.713933
-0.300012
-0.300012
-0.252
0
0
0.495126
0.495126
-0.713933
-0.300012
-0.300012
-0.252
0
0
0.495126
0.495126
-0.713933
-0.707107
-0.707107
-0.252
0
0
-0.495126
-0.495126
-0.713933
-0.391984
-0.162365
-0.252
0
0
0.646914
0.26796
-0.713933
-0.300012
-0.300012
-0.252
0
0
0.495126
0.495126
-0.713933
-0.391984
-0.162365
-0.252
0
0
0.646914
0.26796
-0.713933
-0.300012
-0.300012
0.252
0
0
0.495126
0.495126
0.713933
-0.391984
-0.162365
-0.252
0
0
0.646914
0.26796
-0.713933
-1
-1.37895e-16
-0.252
0
0
-0.700215
-9.9078e-17
-0.713933
-0.42428
-4.82866e-17
-0.252
0
0
0.700215
9.9078e-18
-0.713933
-0.42428
-4.82866e-17
-0.252
0
0
0.700215
9.9078e-18
-0.713933
-1
-1.37895e-16
-0.252
0
0
-0.700215
-9.9078e-17
-0.713933
-0.391984
0.162365
-0.252
0
0
0.646914
-0.26796
-0.713933
-0.42428
-4.82866e-17
-0.252
0
0
0.700215
9.9078e-18
-0.713933
-0.391984
0.162365
-0.252
0
0
0.646914
-0.26796
-0.713933
-0.42428
-1.74255e-17
0.252
0
0
0.700215
1.98156e-17
0.713933
-0.391984
0.162365
-0.252
0
0
0.646914
-0.26796
-0.713933
-0.707107
0.707107
-0.252
0
0
-0.495126
0.495126
-0.713933
-0.300012
0.300012
-0.252
0
0
0.495126
-0.495126
-0.713933
-0.300012
0.300012
-0.252
0
0
0.495126
-0.495126
-0.713933
-0.707107
0.707107
-0.252
0
0
-0.495126
0.495126
-0.713933
-0.162365
0.391984
-0.252
0
0
0.26796
-0.646914
-0.713933
-0.300012
0.300012
-0.252
0
0
0.495126
-0.495126
-0.713933
-0.162365
0.391984
-0.252
0
0
0.26796
-0.646914
-0.713933
-0.300012
0.300012
0.252
0
0
0.495126
-0.495126
0.713933
-0.162365
0.391984
-0.252
0
0
0.26796
-0.646914
-0.713933
-1.83697e-16
1
-0.252
0
0
-1.08986e-16
0.700215
-0.713933
-1.02235e-16
0.42428
-0.252
0
0
2.17972e-16
-0.700215
-0.713933
-1.02235e-16
0.42428
-0.252
0
0
2.17972e-16
-0.700215
-0.713933
-1.83697e-16
1
-0.252
0
0
-1.08986e-16
0.700215
-0.713933
0.162365
0.391984
-0.252
0
0
-0.26796
-0.646914
-0.713933
-1.02235e-16
0.42428
-0.252
0
0
2.17972e-16
-0.700215
-0.713933
0.162365
0.391984
-0.252
0
0
-0.26796
-0.646914
-0.713933
-1.02235e-16
0.42428
0.252
0
0
2.27879e-16
-0.700215
0.713933
0.162365
0.391984
-0.252
0
0
-0.26796
-0.646914
-0.713933
0.707107
0.707107
-0.252
0
0
0.495126
0.495126
-0.713933
0.300012
0.300012
-0.252
0
0
-0.495126
-0.495126
-0.713933
0.300012
0.300012
-0.252
0
0
-0.495126
-0.495126
-0.713933
0.707107
0.707107
-0.252
0
0
0.495126
0.495126
-0.713933
0.391984
0.162365
-0.252
0
0
-0.646914
-0.26796
-0.713933
0.300012
0.300012
-0.252
0
0
-0.495126
-0.495126
-0.713933
0.391984
0.162365
-0.252
0
0
-0.646914
-0.26796
-0.713933
0.300012
0.300012
0.252
0
0
-0.495126
-0.495126
0.713933
0.391984
0.162365
-0.252
0
0
-0.646914
-0.26796
-0.713933
1
-1.54305e-17
-0.252
0
0
0.700215
8.42163e-17
-0.713933
0.42428
-8.06005e-17
-0.252
0
0
-0.700215
-2.77419e-16
-0.713933
0.0811077
-4.66704
0.195811
0
0
0.442548
-1.13203e-15
0.896745
0.138459
-4.72439
0.149867
0
0
0.652799
-0.270398
0.707629
0.149867
-4.66704
0.149867
0
0
0.706585
1.85752e-15
0.707629
0.0811077
-4.66704
0.195811
0
0
0.442548
-1.13203e-15
0.896745
0.138459
-4.60969
0.149867
0
0
0.652799
0.270398
0.707629
0.0749337
-4.636
0.195811
0
0
0.353102
0.14626
0.924082
0.0811077
-4.66704
0.195811
0
0
0.442548
-1.13203e-15
0.896745
-3.07221e-17
-4.66704
0.211945
0
0
-3.00907e-17
2.92057e-17
1
0.0749337
-4.69808
0.195811
0
0
0.353102
-0.14626
0.924082
0.0749337
-4.69808
0.195811
0
0
0.353102
-0.14626
0.924082
0.138459
-4.72439
0.149867
0
0
0.652799
-0.270398
0.707629
0.0811077
-4.66704
0.195811
0
0
0.442548
-1.13203e-15
0.896745
0.0749337
-4.69808
0.195811
0
0
0.353102
-0.14626
0.924082
-3.07221e-17
-4.66704
0.211945
0
0
-3.00907e-17
2.92057e-17
1
0.0573518
-4.72439
0.195811
0
0
0.312929
-0.312929
0.896745
0.0573518
-4.72439
0.195811
0
0
0.312929
-0.312929
0.896745
0.138459
-4.72439
0.149867
0
0
0.652799
-0.270398
0.707629
0.0749337
-4.69808
0.195811
0
0
0.353102
-0.14626
0.924082
0.0573518
-4.72439
0.195811
0
0
0.312929
-0.312929
0.896745
0.0573518
-4.8055
0.149867
0
0
0.270398
-0.652799
0.707629
0.105972
-4.77301
0.149867
0
0
0.499631
-0.499631
0.707629
0.0573518
-4.72439
0.195811
0
0
0.312929
-0.312929
0.896745
-3.07221e-17
-4.66704
0.211945
0
0
-3.00907e-17
2.92057e-17
1
0.0310386
-4.74197
0.195811
0
0
0.14626
-0.353102
0.924082
0.0310386
-4.74197
0.195811
0
0
0.14626
-0.353102
0.924082
0.0573518
-4.8055
0.149867
0
0
0.270398
-0.652799
0.707629
0.0573518
-4.72439
0.195811
0
0
0.312929
-0.312929
0.896745
0.0310386
-4.74197
0.195811
0
0
0.14626
-0.353102
0.924082
-3.07221e-17
-4.66704
0.211945
0
0
-3.00907e-17
2.92057e-17
1
-2.57557e-17
-4.74815
0.195811
0
0
-4.01763e-17
-0.442548
0.896745
-2.57557e-17
-4.74815
0.195811
0
0
-4.01763e-17
-0.442548
0.896745
0.0573518
-4.8055
0.149867
0
0
0.270398
-0.652799
0.707629
0.0310386
-4.74197
0.195811
0
0
0.14626
-0.353102
0.924082
-2.57557e-17
-4.74815
0.195811
0
0
-4.01763e-17
-0.442548
0.896745
-0.0573518
-4.8055
0.149867
0
0
-0.270398
-0.652799
0.707629
-2.15454e-17
-4.81691
0.149867
0
0
1.57175e-16
-0.706585
0.707629
-2.57557e-17
-4.74815
0.195811
0
0
-4.01763e-17
-0.442548
0.896745
-3.07221e-17
-4.66704
0.211945
0
0
-3.00907e-17
2.92057e-17
1
-0.0310386
-4.74197
0.195811
0
0
-0.14626
-0.353102
0.924082
-0.0310386
-4.74197
0.195811
0
0
-0.14626
-0.353102
0.924082
-0.0573518
-4.8055
0.149867
0
0
-0.270398
-0.652799
0.707629
-2.57557e-17
-4.74815
0.195811
0
0
-4.01763e-17
-0.442548
0.896745
-0.0310386
-4.74197
0.195811
0
0
-0.14626
-0.353102
0.924082
-3.07221e-17
-4.66704
0.211945
0
0
-3.00907e-17
2.92057e-17
1
-0.0573518
-4.72439
0.195811
0
0
-0.312929
-0.312929
0.896745
-0.0573518
-4.72439
0.195811
0
0
-0.312929
-0.312929
0.896745
-0.0573518
-4.8055
0.149867
0
0
-0.270398
-0.652799
0.707629
-0.0310386
-4.74197
0.195811
0
0
-0.14626
-0.353102
0.924082
-0.0573518
-4.72439
0.195811
0
0
-0.312929
-0.312929
0.896745
-0.138459
-4.72439
0.149867
0
0
-0.652799
-0.270398
0.707629
-0.105972
-4.77301
0.149867
0
0
-0.499631
-0.499631
0.707629
-0.0573518
-4.72439
0.195811
0
0
-0.312929
-0.312929
0.896745
-3.07221e-17
-4.66704
0.211945
0
0
-3.00907e-17
2.92057e-17
1
-0.0749337
-4.69808
0.195811
0
0
-0.353102
-0.14626
0.924082
-0.0749337
-4.69808
0.195811
0
0
-0.353102
-0.14626
0.924082
-0.138459
-4.72439
0.149867
0
0
-0.652799
-0.270398
0.707629
-0.0573518
-4.72439
0.195811
0
0
-0.312929
-0.312929
0.896745
-0.0749337
-4.69808
0.195811
0
0
-0.353102
-0.14626
0.924082
-3.07221e-17
-4.66704
0.211945
0
0
-3.00907e-17
2.92057e-17
1
-0.0811077
-4.66704
0.195811
0
0
-0.442548
-1.13439e-15
0.896745
-0.0811077
-4.66704
0.195811
0
0
-0.442548
-1.13439e-15
0.896745
-0.138459
-4.72439
0.149867
0
0
-0.652799
-0.270398
0.707629
-0.0749337
-4.69808
0.195811
0
0
-0.353102
-0.14626
0.924082
-0.0811077
-4.66704
0.195811
0
0
-0.442548
-1.13439e-15
0.896745
-0.138459
-4.60969
0.149867
0
0
-0.652799
0.270398
0.707629
-0.149867
-4.66704
0.149867
0
0
-0.706585
2.12186e-15
0.707629
-0.0811077
-4.66704
0.195811
0
0
-0.442548
-1.13439e-15
0.896745
-3.07221e-17
-4.66704
0.211945
0
0
-3.00907e-17
2.92057e-17
1
-0.0749337
-4.636
0.195811
0
0
-0.353102
0.14626
0.924082
-0.0749337
-4.636
0.195811
0
0
-0.353102
0.14626
0.924082
-0.138459
-4.60969
0.149867
0
0
-0.652799
0.270398
0.707629
-0.0811077
-4.66704
0.195811
0
0
-0.442548
-1.13439e-15
0.896745
-0.0749337
-4.636
0.195811
0
0
-0.353102
0.14626
0.924082
-3.07221e-17
-4.66704
0.211945
0
0
-3.00907e-17
2.92057e-17
1
-0.0573518
-4.60969
0.195811
0
0
-0.312929
0.312929
0.896745
-0.0573518
-4.60969
0.195811
0
0
-0.312929
0.312929
0.896745
-0.138459
-4.60969
0.149867
0
0
-0.652799
0.270398
0.707629
-0.0749337
-4.636
0.195811
0
0
-0.353102
0.14626
0.924082
-0.0573518
-4.60969
0.195811
0
0
-0.312929
0.312929
0.896745
-0.0573518
-4.52858
0.149867
0
0
-0.270398
0.652799
0.707629
-0.105972
-4.56107
0.149867
0
0
-0.499631
0.499631
0.707629
-0.0573518
-4.60969
0.195811
0
0
-0.312929
0.312929
0.896745
-3.07221e-17
-4.66704
0.211945
0
0
-3.00907e-17
2.92057e-17
1
-0.0310386
-4.59211
0.195811
0
0
-0.14626
0.353102
0.924082
-0.0310386
-4.59211
0.195811
0
0
-0.14626
0.353102
0.924082
-0.0573518
-4.52858
0.149867
0
0
-0.270398
0.652799
0.707629
-0.0573518
-4.60969
0.195811
0
0
-0.312929
0.312929
0.896745
-0.0310386
-4.59211
0.195811
0
0
-0.14626
0.353102
0.924082
-3.07221e-17
-4.66704
0.211945
0
0
-3.00907e-17
2.92057e-17
1
-4.56213e-17
-4.58593
0.195811
0
0
4.08853e-16
0.442548
0.896745
-4.56213e-17
-4.58593
0.195811
0
0
4.08853e-16
0.442548
0.896745
-0.0573518
-4.52858
0.149867
0
0
-0.270398
0.652799
0.707629
-0.0310386
-4.59211
0.195811
0
0
-0.14626
0.353102
0.924082
-4.56213e-17
-4.58593
0.195811
0
0
4.08853e-16
0.442548
0.896745
0.0573518
-4.52858
0.149867
0
0
0.270398
0.652799
0.707629
-5.82523e-17
-4.51717
0.149867
0
0
-5.92979e-16
0.706585
0.707629
-4.56213e-17
-4.58593
0.195811
0
0
4.08853e-16
0.442548
0.896745
-3.07221e-17
-4.66704
0.211945
0
0
-3.00907e-17
2.92057e-17
1
0.0310386
-4.59211
0.195811
0
0
0.14626
0.353102
0.924082
0.0310386
-4.59211
0.195811
0
0
0.14626
0.353102
0.924082
0.0573518
-4.52858
0.149867
0
0
0.270398
0.652799
0.707629
-4.56213e-17
-4.58593
0.195811
0
0
4.08853e-16
0.442548
0.896745
0.0310386
-4.59211
0.195811
0
0
0.14626
0.353102
0.924082
-3.07221e-17
-4.66704
0.211945
0
0
-3.00907e-17
2.92057e-17
1
0.0573518
-4.60969
0.195811
0
0
0.312929
0.312929
0.896745
0.0573518
-4.60969
0.195811
0
0
0.312929
0.312929
0.896745
0.0573518
-4.52858
0.149867
0
0
0.270398
0.652799
0.707629
0.0310386
-4.59211
0.195811
0
0
0.14626
0.353102
0.924082
0.0573518
-4.60969
0.195811
0
0
0.312929
0.312929
0.896745
0.138459
-4.60969
0.149867
0
0
0.652799
0.270398
0.707629
0.105972
-4.56107
0.149867
0
0
0.499631
0.499631
0.707629
0.0573518
-4.60969
0.195811
0
0
0.312929
0.312929
0.896745
-3.07221e-17
-4.66704
0.211945
0
0
-3.00907e-17
2.92057e-17
1
0.0749337
-4.636
0.195811
0
0
0.353102
0.14626
0.924082
0.0749337
-4.636
0.195811
0
0
0.353102
0.14626
0.924082
0.138459
-4.60969
0.149867
0
0
0.652799
0.270398
0.707629
0.0573518
-4.60969
0.195811
0
0
0.312929
0.312929
0.896745
0.0749337
-4.636
0.195811
0
0
0.353102
0.14626
0.924082
-3.07221e-17
-4.66704
0.211945
0
0
-3.00907e-17
2.92057e-17
1
0.0811077
-4.66704
0.195811
0
0
0.442548
-1.13203e-15
0.896745
0.149867
-4.66704
0.149867
0
0
0.706585
1.85752e-15
0.707629
0.138459
-4.60969
0.149867
0
0
0.652799
0.270398
0.707629
0.0811077
-4.66704
0.195811
0
0
0.442548
-1.13203e-15
0.896745
0.149867
-4.66704
0.149867
0
0
0.706585
1.85752e-15
0.707629
0.195811
-4.66704
0.0811077
0
0
0.923682
2.01307e-16
0.38316
0.138459
-4.60969
0.149867
0
0
0.652799
0.270398
0.707629
0.138459
-4.72439
0.149867
0
0
0.652799
-0.270398
0.707629
0.195811
-4.66704
0.0811077
0
0
0.923682
2.01307e-16
0.38316
0.149867
-4.66704
0.149867
0
0
0.706585
1.85752e-15
0.707629
0.138459
-4.72439
0.149867
0
0
0.652799
-0.270398
0.707629
0.138459
-4.8055
0.0811077
0
0
0.653142
-0.653142
0.38316
0.180906
-4.74197
0.0811077
0
0
0.853371
-0.353478
0.38316
0.105972
-4.77301
0.149867
0
0
0.499631
-0.499631
0.707629
0.138459
-4.72439
0.149867
0
0
0.652799
-0.270398
0.707629
0.0573518
-4.72439
0.195811
0
0
0.312929
-0.312929
0.896745
0.105972
-4.77301
0.149867
0
0
0.499631
-0.499631
0.707629
0.138459
-4.8055
0.0811077
0
0
0.653142
-0.653142
0.38316
0.138459
-4.72439
0.149867
0
0
0.652799
-0.270398
0.707629
0.0573518
-4.8055
0.149867
0
0
0.270398
-0.652799
0.707629
0.138459
-4.8055
0.0811077
0
0
0.653142
-0.653142
0.38316
0.105972
-4.77301
0.149867
0
0
0.499631
-0.499631
0.707629
0.0573518
-4.8055
0.149867
0
0
0.270398
-0.652799
0.707629
-1.87321e-17
-4.86285
0.0811077
0
0
4.67319e-17
-0.923682
0.38316
0.0749337
-4.84795
0.0811077
0
0
0.353478
-0.853371
0.38316
-2.15454e-17
-4.81691
0.149867
0
0
1.57175e-16
-0.706585
0.707629
0.0573518
-4.8055
0.149867
0
0
0.270398
-0.652799
0.707629
-2.57557e-17
-4.74815
0.195811
0
0
-4.01763e-17
-0.442548
0.896745
-2.15454e-17
-4.81691
0.149867
0
0
1.57175e-16
-0.706585
0.707629
-1.87321e-17
-4.86285
0.0811077
0
0
4.67319e-17
-0.923682
0.38316
0.0573518
-4.8055
0.149867
0
0
0.270398
-0.652799
0.707629
-0.0573518
-4.8055
0.149867
0
0
-0.270398
-0.652799
0.707629
-1.87321e-17
-4.86285
0.0811077
0
0
4.67319e-17
-0.923682
0.38316
-2.15454e-17
-4.81691
0.149867
0
0
1.57175e-16
-0.706585
0.707629
-0.0573518
-4.8055
0.149867
0
0
-0.270398
-0.652799
0.707629
-0.138459
-4.8055
0.0811077
0
0
-0.653142
-0.653142
0.38316
-0.0749337
-4.84795
0.0811077
0
0
-0.353478
-0.853371
0.38316
-0.105972
-4.77301
0.149867
0
0
-0.499631
-0.499631
0.707629
-0.0573518
-4.8055
0.149867
0
0
-0.270398
-0.652799
0.707629
-0.0573518
-4.72439
0.195811
0
0
-0.312929
-0.312929
0.896745
-0.105972
-4.77301
0.149867
0
0
-0.499631
-0.499631
0.707629
-0.138459
-4.8055
0.0811077
0
0
-0.653142
-0.653142
0.38316
-0.0573518
-4.8055
0.149867
0
0
-0.270398
-0.652799
0.707629
-0.138459
-4.72439
0.149867
0
0
-0.652799
-0.270398
0.707629
-0.138459
-4.8055
0.0811077
0
0
-0.653142
-0.653142
0.38316
-0.105972
-4.77301
0.149867
0
0
-0.499631
-0.499631
0.707629
-0.138459
-4.72439
0.149867
0
0
-0.652799
-0.270398
0.707629
-0.195811
-4.66704
0.0811077
0
0
-0.923682
2.98365e-16
0.38316
-0.180906
-4.74197
0.0811077
0
0
-0.853371
-0.353478
0.38316
-0.149867
-4.66704
0.149867
0
0
-0.706585
2.12186e-15
0.707629
-0.138459
-4.72439
0.149867
0
0
-0.652799
-0.270398
0.707629
-0.0811077
-4.66704
0.195811
0
0
-0.442548
-1.13439e-15
0.896745
-0.149867
-4.66704
0.149867
0
0
-0.706585
2.12186e-15
0.707629
-0.195811
-4.66704
0.0811077
0
0
-0.923682
2.98365e-16
0.38316
-0.138459
-4.72439
0.149867
0
0
-0.652799
-0.270398
0.707629
-0.138459
-4.60969
0.149867
0
0
-0.652799
0.270398
0.707629
-0.195811
-4.66704
0.0811077
0
0
-0.923682
2.98365e-16
0.38316
-0.149867
-4.66704
0.149867
0
0
-0.706585
2.12186e-15
0.707629
-0.138459
-4.60969
0.149867
0
0
-0.652799
0.270398
0.707629
-0.138459
-4.52858
0.0811077
0
0
-0.653142
0.653142
0.38316
-0.180906
-4.59211
0.0811077
0
0
-0.853371
0.353478
0.38316
-0.105972
-4.56107
0.149867
0
0
-0.499631
0.499631
0.707629
-0.138459
-4.60969
0.149867
0
0
-0.652799
0.270398
0.707629
-0.0573518
-4.60969
0.195811
0
0
-0.312929
0.312929
0.896745
-0.105972
-4.56107
0.149867
0
0
-0.499631
0.499631
0.707629
-0.138459
-4.52858
0.0811077
0
0
-0.653142
0.653142
0.38316
-0.138459
-4.60969
0.149867
0
0
-0.652799
0.270398
0.707629
-0.0573518
-4.52858
0.149867
0
0
-0.270398
0.652799
0.707629
-0.138459
-4.52858
0.0811077
0
0
-0.653142
0.653142
0.38316
-0.105972
-4.56107
0.149867
0
0
-0.499631
0.499631
0.707629
-0.0573518
-4.52858
0.149867
0
0
-0.270398
0.652799
0.707629
-6.6692e-17
-4.47123
0.0811077
0
0
1.43791e-16
0.923682
0.38316
-0.0749337
-4.48613
0.0811077
0
0
-0.353478
0.853371
0.38316
-5.82523e-17
-4.51717
0.149867
0
0
-5.92979e-16
0.706585
0.707629
-0.0573518
-4.52858
0.149867
0
0
-0.270398
0.652799
0.707629
-4.56213e-17
-4.58593
0.195811
0
0
4.08853e-16
0.442548
0.896745
-5.82523e-17
-4.51717
0.149867
0
0
-5.92979e-16
0.706585
0.707629
-6.6692e-17
-4.47123
0.0811077
0
0
1.43791e-16
0.923682
0.38316
-0.0573518
-4.52858
0.149867
0
0
-0.270398
0.652799
0.707629
0.0573518
-4.52858
0.149867
0
0
0.270398
0.652799
0.707629
-6.6692e-17
-4.47123
0.0811077
0
0
1.43791e-16
0.923682
0.38316
-5.82523e-17
-4.51717
0.149867
0
0
-5.92979e-16
0.706585
0.707629
0.0573518
-4.52858
0.149867
0
0
0.270398
0.652799
0.707629
0.138459
-4.52858
0.0811077
0
0
0.653142
0.653142
0.38316
0.0749337
-4.48613
0.0811077
0
0
0.353478
0.853371
0.38316
0.105972
-4.56107
0.149867
0
0
0.499631
0.499631
0.707629
0.0573518
-4.52858
0.149867
0
0
0.270398
0.652799
0.707629
0.0573518
-4.60969
0.195811
0
0
0.312929
0.312929
0.896745
0.105972
-4.56107
0.149867
0
0
0.499631
0.499631
0.707629
0.138459
-4.52858
0.0811077
0
0
0.653142
0.653142
0.38316
0.0573518
-4.52858
0.149867
0
0
0.270398
0.652799
0.707629
0.138459
-4.60969
0.149867
0
0
0.652799
0.270398
0.707629
0.195811
-4.66704
0.0811077
0
0
0.923682
2.01307e-16
0.38316
0.180906
-4.59211
0.0811077
0
0
0.853371
0.353478
0.38316
0.138459
-4.60969
0.149867
0
0
0.652799
0.270398
0.707629
0.138459
-4.52858
0.0811077
0
0
0.653142
0.653142
0.38316
0.105972
-4.56107
0.149867
0
0
0.499631
0.499631
0.707629
0.195811
-4.66704
0.0811077
0
0
0.923682
2.01307e-16
0.38316
0.195811
-4.74815
2.97598e-16
0
0
0.92388
-0.382683
-5.04575e-16
0.211945
-4.66704
2.92631e-16
0
0
1
-6.48739e-17
-1.44164e-17
0.195811
-4.66704
0.0811077
0
0
0.923682
2.01307e-16
0.38316
0.195811
-4.58593
2.87665e-16
0
0
0.92388
0.382683
-2.27059e-16
0.180906
-4.59211
0.0811077
0
0
0.853371
0.353478
0.38316
0.180906
-4.74197
0.0811077
0
0
0.853371
-0.353478
0.38316
0.195811
-4.66704
0.0811077
0
0
0.923682
2.01307e-16
0.38316
0.138459
-4.72439
0.149867
0
0
0.652799
-0.270398
0.707629
0.180906
-4.74197
0.0811077
0
0
0.853371
-0.353478
0.38316
0.195811
-4.74815
2.97598e-16
0
0
0.92388
-0.382683
-5.04575e-16
0.195811
-4.66704
0.0811077
0
0
0.923682
2.01307e-16
0.38316
0.138459
-4.8055
0.0811077
0
0
0.653142
-0.653142
0.38316
0.195811
-4.74815
2.97598e-16
0
0
0.92388
-0.382683
-5.04575e-16
0.180906
-4.74197
0.0811077
0
0
0.853371
-0.353478
0.38316
0.138459
-4.8055
0.0811077
0
0
0.653142
-0.653142
0.38316
0.0811077
-4.86285
3.04621e-16
0
0
0.382683
-0.92388
7.13613e-16
0.149867
-4.81691
3.01808e-16
0
0
0.707107
-0.707107
2.88328e-17
0.0749337
-4.84795
0.0811077
0
0
0.353478
-0.853371
0.38316
0.138459
-4.8055
0.0811077
0
0
0.653142
-0.653142
0.38316
0.0573518
-4.8055
0.149867
0
0
0.270398
-0.652799
0.707629
0.0749337
-4.84795
0.0811077
0
0
0.353478
-0.853371
0.38316
0.0811077
-4.86285
3.04621e-16
0
0
0.382683
-0.92388
7.13613e-16
0.138459
-4.8055
0.0811077
0
0
0.653142
-0.653142
0.38316
-1.87321e-17
-4.86285
0.0811077
0
0
4.67319e-17
-0.923682
0.38316
0.0811077
-4.86285
3.04621e-16
0
0
0.382683
-0.92388
7.13613e-16
0.0749337
-4.84795
0.0811077
0
0
0.353478
-0.853371
0.38316
-1.87321e-17
-4.86285
0.0811077
0
0
4.67319e-17
-0.923682
0.38316
-0.0811077
-4.86285
3.04621e-16
0
0
-0.382683
-0.92388
1.15331e-16
-1.77442e-17
-4.87898
3.05609e-16
0
0
2.59496e-16
-1
2.16246e-17
-0.0749337
-4.84795
0.0811077
0
0
-0.353478
-0.853371
0.38316
-1.87321e-17
-4.86285
0.0811077
0
0
4.67319e-17
-0.923682
0.38316
-0.0573518
-4.8055
0.149867
0
0
-0.270398
-0.652799
0.707629
-0.0749337
-4.84795
0.0811077
0
0
-0.353478
-0.853371
0.38316
-0.0811077
-4.86285
3.04621e-16
0
0
-0.382683
-0.92388
1.15331e-16
-1.87321e-17
-4.86285
0.0811077
0
0
4.67319e-17
-0.923682
0.38316
-0.138459
-4.8055
0.0811077
0
0
-0.653142
-0.653142
0.38316
-0.0811077
-4.86285
3.04621e-16
0
0
-0.382683
-0.92388
1.15331e-16
-0.0749337
-4.84795
0.0811077
0
0
-0.353478
-0.853371
0.38316
-0.138459
-4.8055
0.0811077
0
0
-0.653142
-0.653142
0.38316
-0.195811
-4.74815
2.97598e-16
0
0
-0.92388
-0.382683
-2.52287e-16
-0.149867
-4.81691
3.01808e-16
0
0
-0.707107
-0.707107
1.44164e-17
-0.180906
-4.74197
0.0811077
0
0
-0.853371
-0.353478
0.38316
-0.138459
-4.8055
0.0811077
0
0
-0.653142
-0.653142
0.38316
-0.138459
-4.72439
0.149867
0
0
-0.652799
-0.270398
0.707629
-0.180906
-4.74197
0.0811077
0
0
-0.853371
-0.353478
0.38316
-0.195811
-4.74815
2.97598e-16
0
0
-0.92388
-0.382683
-2.52287e-16
-0.138459
-4.8055
0.0811077
0
0
-0.653142
-0.653142
0.38316
-0.195811
-4.66704
0.0811077
0
0
-0.923682
2.98365e-16
0.38316
-0.195811
-4.74815
2.97598e-16
0
0
-0.92388
-0.382683
-2.52287e-16
-0.180906
-4.74197
0.0811077
0
0
-0.853371
-0.353478
0.38316
-0.195811
-4.66704
0.0811077
0
0
-0.923682
2.98365e-16
0.38316
-0.195811
-4.58593
2.87665e-16
0
0
-0.92388
0.382683
3.20765e-16
-0.211945
-4.66704
2.92631e-16
0
0
-1
-1.51372e-16
7.20821e-18
-0.180906
-4.59211
0.0811077
0
0
-0.853371
0.353478
0.38316
-0.195811
-4.66704
0.0811077
0
0
-0.923682
2.98365e-16
0.38316
-0.138459
-4.60969
0.149867
0
0
-0.652799
0.270398
0.707629
-0.180906
-4.59211
0.0811077
0
0
-0.853371
0.353478
0.38316
-0.195811
-4.58593
2.87665e-16
0
0
-0.92388
0.382683
3.20765e-16
-0.195811
-4.66704
0.0811077
0
0
-0.923682
2.98365e-16
0.38316
-0.138459
-4.52858
0.0811077
0
0
-0.653142
0.653142
0.38316
-0.195811
-4.58593
2.87665e-16
0
0
-0.92388
0.382683
3.20765e-16
-0.180906
-4.59211
0.0811077
0
0
-0.853371
0.353478
0.38316
-0.138459
-4.52858
0.0811077
0
0
-0.653142
0.653142
0.38316
-0.0811077
-4.47123
2.80641e-16
0
0
-0.382683
0.92388
-2.30663e-16
-0.149867
-4.51717
2.83455e-16
0
0
-0.707107
0.707107
1.44164e-17
-0.0749337
-4.48613
0.0811077
0
0
-0.353478
0.853371
0.38316
-0.138459
-4.52858
0.0811077
0
0
-0.653142
0.653142
0.38316
-0.0573518
-4.52858
0.149867
0
0
-0.270398
0.652799
0.707629
-0.0749337
-4.48613
0.0811077
0
0
-0.353478
0.853371
0.38316
-0.0811077
-4.47123
2.80641e-16
0
0
-0.382683
0.92388
-2.30663e-16
-0.138459
-4.52858
0.0811077
0
0
-0.653142
0.653142
0.38316
-6.6692e-17
-4.47123
0.0811077
0
0
1.43791e-16
0.923682
0.38316
-0.0811077
-4.47123
2.80641e-16
0
0
-0.382683
0.92388
-2.30663e-16
-0.0749337
-4.48613
0.0811077
0
0
-0.353478
0.853371
0.38316
-6.6692e-17
-4.47123
0.0811077
0
0
1.43791e-16
0.923682
0.38316
0.0811077
-4.47123
2.80641e-16
0
0
0.382683
0.92388
7.31634e-16
-6.96557e-17
-4.4551
2.79654e-16
0
0
-1.08123e-16
1
0
0.0749337
-4.48613
0.0811077
0
0
0.353478
0.853371
0.38316
-6.6692e-17
-4.47123
0.0811077
0
0
1.43791e-16
0.923682
0.38316
0.0573518
-4.52858
0.149867
0
0
0.270398
0.652799
0.707629
0.0749337
-4.48613
0.0811077
0
0
0.353478
0.853371
0.38316
0.0811077
-4.47123
2.80641e-16
0
0
0.382683
0.92388
7.31634e-16
-6.6692e-17
-4.47123
0.0811077
0
0
1.43791e-16
0.923682
0.38316
0.138459
-4.52858
0.0811077
0
0
0.653142
0.653142
0.38316
0.0811077
-4.47123
2.80641e-16
0
0
0.382683
0.92388
7.31634e-16
0.0749337
-4.48613
0.0811077
0
0
0.353478
0.853371
0.38316
0.138459
-4.52858
0.0811077
0
0
0.653142
0.653142
0.38316
0.195811
-4.58593
2.87665e-16
0
0
0.92388
0.382683
-2.27059e-16
0.149867
-4.51717
2.83455e-16
0
0
0.707107
0.707107
7.20821e-18
0.180906
-4.59211
0.0811077
0
0
0.853371
0.353478
0.38316
0.138459
-4.52858
0.0811077
0
0
0.653142
0.653142
0.38316
0.138459
-4.60969
0.149867
0
0
0.652799
0.270398
0.707629
0.180906
-4.59211
0.0811077
0
0
0.853371
0.353478
0.38316
0.195811
-4.58593
2.87665e-16
0
0
0.92388
0.382683
-2.27059e-16
0.138459
-4.52858
0.0811077
0
0
0.653142
0.653142
0.38316
0.211945
-4.66704
2.92631e-16
0
0
1
-6.48739e-17
-1.44164e-17
0.195811
-4.58593
2.87665e-16
0
0
0.92388
0.382683
-2.27059e-16
0.195811
-4.66704
0.0811077
0
0
0.923682
2.01307e-16
0.38316
0.211945
-4.66704
2.92631e-16
0
0
1
-6.48739e-17
-1.44164e-17
0.195811
-4.66704
-0.0811077
0
0
0.923682
-3.48692e-16
-0.38316
0.195811
-4.58593
2.87665e-16
0
0
0.92388
0.382683
-2.27059e-16
0.195811
-4.74815
2.97598e-16
0
0
0.92388
-0.382683
-5.04575e-16
0.195811
-4.66704
-0.0811077
0
0
0.923682
-3.48692e-16
-0.38316
0.211945
-4.66704
2.92631e-16
0
0
1
-6.48739e-17
-1.44164e-17
0.195811
-4.74815
2.97598e-16
0
0
0.92388
-0.382683
-5.04575e-16
0.138459
-4.8055
-0.0811077
0
0
0.653142
-0.653142
-0.38316
0.180906
-4.74197
-0.0811077
0
0
0.853371
-0.353478
-0.38316
0.149867
-4.81691
3.01808e-16
0
0
0.707107
-0.707107
2.88328e-17
0.195811
-4.74815
2.97598e-16
0
0
0.92388
-0.382683
-5.04575e-16
0.138459
-4.8055
0.0811077
0
0
0.653142
-0.653142
0.38316
0.149867
-4.81691
3.01808e-16
0
0
0.707107
-0.707107
2.88328e-17
0.138459
-4.8055
-0.0811077
0
0
0.653142
-0.653142
-0.38316
0.195811
-4.74815
2.97598e-16
0
0
0.92388
-0.382683
-5.04575e-16
0.0811077
-4.86285
3.04621e-16
0
0
0.382683
-0.92388
7.13613e-16
0.138459
-4.8055
-0.0811077
0
0
0.653142
-0.653142
-0.38316
0.149867
-4.81691
3.01808e-16
0
0
0.707107
-0.707107
2.88328e-17
0.0811077
-4.86285
3.04621e-16
0
0
0.382683
-0.92388
7.13613e-16
-1.87321e-17
-4.86285
-0.0811077
0
0
1.36601e-16
-0.923682
-0.38316
0.0749337
-4.84795
-0.0811077
0
0
0.353478
-0.853371
-0.38316
-1.77442e-17
-4.87898
3.05609e-16
0
0
2.59496e-16
-1
2.16246e-17
0.0811077
-4.86285
3.04621e-16
0
0
0.382683
-0.92388
7.13613e-16
-1.87321e-17
-4.86285
0.0811077
0
0
4.67319e-17
-0.923682
0.38316
-1.77442e-17
-4.87898
3.05609e-16
0
0
2.59496e-16
-1
2.16246e-17
-1.87321e-17
-4.86285
-0.0811077
0
0
1.36601e-16
-0.923682
-0.38316
0.0811077
-4.86285
3.04621e-16
0
0
0.382683
-0.92388
7.13613e-16
-0.0811077
-4.86285
3.04621e-16
0
0
-0.382683
-0.92388
1.15331e-16
-1.87321e-17
-4.86285
-0.0811077
0
0
1.36601e-16
-0.923682
-0.38316
-1.77442e-17
-4.87898
3.05609e-16
0
0
2.59496e-16
-1
2.16246e-17
-0.0811077
-4.86285
3.04621e-16
0
0
-0.382683
-0.92388
1.15331e-16
-0.138459
-4.8055
-0.0811077
0
0
-0.653142
-0.653142
-0.38316
-0.0749337
-4.84795
-0.0811077
0
0
-0.353478
-0.853371
-0.38316
-0.149867
-4.81691
3.01808e-16
0
0
-0.707107
-0.707107
1.44164e-17
-0.0811077
-4.86285
3.04621e-16
0
0
-0.382683
-0.92388
1.15331e-16
-0.138459
-4.8055
0.0811077
0
0
-0.653142
-0.653142
0.38316
-0.149867
-4.81691
3.01808e-16
0
0
-0.707107
-0.707107
1.44164e-17
-0.138459
-4.8055
-0.0811077
0
0
-0.653142
-0.653142
-0.38316
-0.0811077
-4.86285
3.04621e-16
0
0
-0.382683
-0.92388
1.15331e-16
-0.195811
-4.74815
2.97598e-16
0
0
-0.92388
-0.382683
-2.52287e-16
-0.138459
-4.8055
-0.0811077
0
0
-0.653142
-0.653142
-0.38316
-0.149867
-4.81691
3.01808e-16
0
0
-0.707107
-0.707107
1.44164e-17
-0.195811
-4.74815
2.97598e-16
0
0
-0.92388
-0.382683
-2.52287e-16
-0.195811
-4.66704
-0.0811077
0
0
-0.923682
1.04248e-16
-0.38316
-0.180906
-4.74197
-0.0811077
0
0
-0.853371
-0.353478
-0.38316
-0.211945
-4.66704
2.92631e-16
0
0
-1
-1.51372e-16
7.20821e-18
-0.195811
-4.74815
2.97598e-16
0
0
-0.92388
-0.382683
-2.52287e-16
-0.195811
-4.66704
0.0811077
0
0
-0.923682
2.98365e-16
0.38316
-0.211945
-4.66704
2.92631e-16
0
0
-1
-1.51372e-16
7.20821e-18
-0.195811
-4.66704
-0.0811077
0
0
-0.923682
1.04248e-16
-0.38316
-0.195811
-4.74815
2.97598e-16
0
0
-0.92388
-0.382683
-2.52287e-16
-0.195811
-4.58593
2.87665e-16
0
0
-0.92388
0.382683
3.20765e-16
-0.195811
-4.66704
-0.0811077
0
0
-0.923682
1.04248e-16
-0.38316
-0.211945
-4.66704
2.92631e-16
0
0
-1
-1.51372e-16
7.20821e-18
-0.195811
-4.58593
2.87665e-16
0
0
-0.92388
0.382683
3.20765e-16
-0.138459
-4.52858
-0.0811077
0
0
-0.653142
0.653142
-0.38316
-0.180906
-4.59211
-0.0811077
0
0
-0.853371
0.353478
-0.38316
-0.149867
-4.51717
2.83455e-16
0
0
-0.707107
0.707107
1.44164e-17
-0.195811
-4.58593
2.87665e-16
0
0
-0.92388
0.382683
3.20765e-16
-0.138459
-4.52858
0.0811077
0
0
-0.653142
0.653142
0.38316
-0.149867
-4.51717
2.83455e-16
0
0
-0.707107
0.707107
1.44164e-17
-0.138459
-4.52858
-0.0811077
0
0
-0.653142
0.653142
-0.38316
-0.195811
-4.58593
2.87665e-16
0
0
-0.92388
0.382683
3.20765e-16
-0.0811077
-4.47123
2.80641e-16
0
0
-0.382683
0.92388
-2.30663e-16
-0.138459
-4.52858
-0.0811077
0
0
-0.653142
0.653142
-0.38316
-0.149867
-4.51717
2.83455e-16
0
0
-0.707107
0.707107
1.44164e-17
-0.0811077
-4.47123
2.80641e-16
0
0
-0.382683
0.92388
-2.30663e-16
-6.6692e-17
-4.47123
-0.0811077
0
0
3.41503e-16
0.923682
-0.38316
-0.0749337
-4.48613
-0.0811077
0
0
-0.353478
0.853371
-0.38316
-6.96557e-17
-4.4551
2.79654e-16
0
0
-1.08123e-16
1
0
-0.0811077
-4.47123
2.80641e-16
0
0
-0.382683
0.92388
-2.30663e-16
-6.6692e-17
-4.47123
0.0811077
0
0
1.43791e-16
0.923682
0.38316
-6.96557e-17
-4.4551
2.79654e-16
0
0
-1.08123e-16
1
0
-6.6692e-17
-4.47123
-0.0811077
0
0
3.41503e-16
0.923682
-0.38316
-0.0811077
-4.47123
2.80641e-16
0
0
-0.382683
0.92388
-2.30663e-16
0.0811077
-4.47123
2.80641e-16
0
0
0.382683
0.92388
7.31634e-16
-6.6692e-17
-4.47123
-0.0811077
0
0
3.41503e-16
0.923682
-0.38316
-6.96557e-17
-4.4551
2.79654e-16
0
0
-1.08123e-16
1
0
0.0811077
-4.47123
2.80641e-16
0
0
0.382683
0.92388
7.31634e-16
0.138459
-4.52858
-0.0811077
0
0
0.653142
0.653142
-0.38316
0.0749337
-4.48613
-0.0811077
0
0
0.353478
0.853371
-0.38316
0.149867
-4.51717
2.83455e-16
0
0
0.707107
0.707107
7.20821e-18
0.0811077
-4.47123
2.80641e-16
0
0
0.382683
0.92388
7.31634e-16
0.138459
-4.52858
0.0811077
0
0
0.653142
0.653142
0.38316
0.149867
-4.51717
2.83455e-16
0
0
0.707107
0.707107
7.20821e-18
0.138459
-4.52858
-0.0811077
0
0
0.653142
0.653142
-0.38316
0.0811077
-4.47123
2.80641e-16
0
0
0.382683
0.92388
7.31634e-16
0.195811
-4.58593
2.87665e-16
0
0
0.92388
0.382683
-2.27059e-16
0.195811
-4.66704
-0.0811077
0
0
0.923682
-3.48692e-16
-0.38316
0.180906
-4.59211
-0.0811077
0
0
0.853371
0.353478
-0.38316
0.195811
-4.58593
2.87665e-16
0
0
0.92388
0.382683
-2.27059e-16
0.138459
-4.52858
-0.0811077
0
0
0.653142
0.653142
-0.38316
0.149867
-4.51717
2.83455e-16
0
0
0.707107
0.707107
7.20821e-18
0.195811
-4.66704
-0.0811077
0
0
0.923682
-3.48692e-16
-0.38316
0.138459
-4.72439
-0.149867
0
0
0.652799
-0.270398
-0.707629
0.149867
-4.66704
-0.149867
0
0
0.706585
8.53747e-16
-0.707629
0.195811
-4.66704
-0.0811077
0
0
0.923682
-3.48692e-16
-0.38316
0.138459
-4.60969
-0.149867
0
0
0.652799
0.270398
-0.707629
0.180906
-4.59211
-0.0811077
0
0
0.853371
0.353478
-0.38316
0.180906
-4.74197
-0.0811077
0
0
0.853371
-0.353478
-0.38316
0.195811
-4.66704
-0.0811077
0
0
0.923682
-3.48692e-16
-0.38316
0.195811
-4.74815
2.97598e-16
0
0
0.92388
-0.382683
-5.04575e-16
0.180906
-4.74197
-0.0811077
0
0
0.853371
-0.353478
-0.38316
0.138459
-4.72439
-0.149867
0
0
0.652799
-0.270398
-0.707629
0.195811
-4.66704
-0.0811077
0
0
0.923682
-3.48692e-16
-0.38316
0.138459
-4.8055
-0.0811077
0
0
0.653142
-0.653142
-0.38316
0.138459
-4.72439
-0.149867
0
0
0.652799
-0.270398
-0.707629
0.180906
-4.74197
-0.0811077
0
0
0.853371
-0.353478
-0.38316
0.138459
-4.8055
-0.0811077
0
0
0.653142
-0.653142
-0.38316
0.0573518
-4.8055
-0.149867
0
0
0.270398
-0.652799
-0.707629
0.105972
-4.77301
-0.149867
0
0
0.499631
-0.499631
-0.707629
0.0749337
-4.84795
-0.0811077
0
0
0.353478
-0.853371
-0.38316
0.138459
-4.8055
-0.0811077
0
0
0.653142
-0.653142
-0.38316
0.0811077
-4.86285
3.04621e-16
0
0
0.382683
-0.92388
7.13613e-16
0.0749337
-4.84795
-0.0811077
0
0
0.353478
-0.853371
-0.38316
0.0573518
-4.8055
-0.149867
0
0
0.270398
-0.652799
-0.707629
0.138459
-4.8055
-0.0811077
0
0
0.653142
-0.653142
-0.38316
-1.87321e-17
-4.86285
-0.0811077
0
0
1.36601e-16
-0.923682
-0.38316
0.0573518
-4.8055
-0.149867
0
0
0.270398
-0.652799
-0.707629
0.0749337
-4.84795
-0.0811077
0
0
0.353478
-0.853371
-0.38316
-1.87321e-17
-4.86285
-0.0811077
0
0
1.36601e-16
-0.923682
-0.38316
-0.0573518
-4.8055
-0.149867
0
0
-0.270398
-0.652799
-0.707629
-2.15454e-17
-4.81691
-0.149867
0
0
-2.57196e-16
-0.706585
-0.707629
-0.0749337
-4.84795
-0.0811077
0
0
-0.353478
-0.853371
-0.38316
-1.87321e-17
-4.86285
-0.0811077
0
0
1.36601e-16
-0.923682
-0.38316
-0.0811077
-4.86285
3.04621e-16
0
0
-0.382683
-0.92388
1.15331e-16
-0.0749337
-4.84795
-0.0811077
0
0
-0.353478
-0.853371
-0.38316
-0.0573518
-4.8055
-0.149867
0
0
-0.270398
-0.652799
-0.707629
-1.87321e-17
-4.86285
-0.0811077
0
0
1.36601e-16
-0.923682
-0.38316
-0.138459
-4.8055
-0.0811077
0
0
-0.653142
-0.653142
-0.38316
-0.0573518
-4.8055
-0.149867
0
0
-0.270398
-0.652799
-0.707629
-0.0749337
-4.84795
-0.0811077
0
0
-0.353478
-0.853371
-0.38316
-0.138459
-4.8055
-0.0811077
0
0
-0.653142
-0.653142
-0.38316
-0.138459
-4.72439
-0.149867
0
0
-0.652799
-0.270398
-0.707629
-0.105972
-4.77301
-0.149867
0
0
-0.499631
-0.499631
-0.707629
-0.180906
-4.74197
-0.0811077
0
0
-0.853371
-0.353478
-0.38316
-0.138459
-4.8055
-0.0811077
0
0
-0.653142
-0.653142
-0.38316
-0.195811
-4.74815
2.97598e-16
0
0
-0.92388
-0.382683
-2.52287e-16
-0.180906
-4.74197
-0.0811077
0
0
-0.853371
-0.353478
-0.38316
-0.138459
-4.72439
-0.149867
0
0
-0.652799
-0.270398
-0.707629
-0.138459
-4.8055
-0.0811077
0
0
-0.653142
-0.653142
-0.38316
-0.195811
-4.66704
-0.0811077
0
0
-0.923682
1.04248e-16
-0.38316
-0.138459
-4.72439
-0.149867
0
0
-0.652799
-0.270398
-0.707629
-0.180906
-4.74197
-0.0811077
0
0
-0.853371
-0.353478
-0.38316
-0.195811
-4.66704
-0.0811077
0
0
-0.923682
1.04248e-16
-0.38316
-0.138459
-4.60969
-0.149867
0
0
-0.652799
0.270398
-0.707629
-0.149867
-4.66704
-0.149867
0
0
-0.706585
2.01113e-15
-0.707629
-0.180906
-4.59211
-0.0811077
0
0
-0.853371
0.353478
-0.38316
-0.195811
-4.66704
-0.0811077
0
0
-0.923682
1.04248e-16
-0.38316
-0.195811
-4.58593
2.87665e-16
0
0
-0.92388
0.382683
3.20765e-16
-0.180906
-4.59211
-0.0811077
0
0
-0.853371
0.353478
-0.38316
-0.138459
-4.60969
-0.149867
0
0
-0.652799
0.270398
-0.707629
-0.195811
-4.66704
-0.0811077
0
0
-0.923682
1.04248e-16
-0.38316
-0.138459
-4.52858
-0.0811077
0
0
-0.653142
0.653142
-0.38316
-0.138459
-4.60969
-0.149867
0
0
-0.652799
0.270398
-0.707629
-0.180906
-4.59211
-0.0811077
0
0
-0.853371
0.353478
-0.38316
-0.138459
-4.52858
-0.0811077
0
0
-0.653142
0.653142
-0.38316
-0.0573518
-4.52858
-0.149867
0
0
-0.270398
0.652799
-0.707629
-0.105972
-4.56107
-0.149867
0
0
-0.499631
0.499631
-0.707629
-0.0749337
-4.48613
-0.0811077
0
0
-0.353478
0.853371
-0.38316
-0.138459
-4.52858
-0.0811077
0
0
-0.653142
0.653142
-0.38316
-0.0811077
-4.47123
2.80641e-16
0
0
-0.382683
0.92388
-2.30663e-16
-0.0749337
-4.48613
-0.0811077
0
0
-0.353478
0.853371
-0.38316
-0.0573518
-4.52858
-0.149867
0
0
-0.270398
0.652799
-0.707629
-0.138459
-4.52858
-0.0811077
0
0
-0.653142
0.653142
-0.38316
-6.6692e-17
-4.47123
-0.0811077
0
0
3.41503e-16
0.923682
-0.38316
-0.0573518
-4.52858
-0.149867
0
0
-0.270398
0.652799
-0.707629
-0.0749337
-4.48613
-0.0811077
0
0
-0.353478
0.853371
-0.38316
-6.6692e-17
-4.47123
-0.0811077
0
0
3.41503e-16
0.923682
-0.38316
0.0573518
-4.52858
-0.149867
0
0
0.270398
0.652799
-0.707629
-5.82523e-17
-4.51717
-0.149867
0
0
-2.10758e-16
0.706585
-0.707629
0.0749337
-4.48613
-0.0811077
0
0
0.353478
0.853371
-0.38316
-6.6692e-17
-4.47123
-0.0811077
0
0
3.41503e-16
0.923682
-0.38316
0.0811077
-4.47123
2.80641e-16
0
0
0.382683
0.92388
7.31634e-16
0.0749337
-4.48613
-0.0811077
0
0
0.353478
0.853371
-0.38316
0.0573518
-4.52858
-0.149867
0
0
0.270398
0.652799
-0.707629
-6.6692e-17
-4.47123
-0.0811077
0
0
3.41503e-16
0.923682
-0.38316
0.138459
-4.52858
-0.0811077
0
0
0.653142
0.653142
-0.38316
0.0573518
-4.52858
-0.149867
0
0
0.270398
0.652799
-0.707629
0.0749337
-4.48613
-0.0811077
0
0
0.353478
0.853371
-0.38316
0.138459
-4.52858
-0.0811077
0
0
0.653142
0.653142
-0.38316
0.138459
-4.60969
-0.149867
0
0
0.652799
0.270398
-0.707629
0.105972
-4.56107
-0.149867
0
0
0.499631
0.499631
-0.707629
0.180906
-4.59211
-0.0811077
0
0
0.853371
0.353478
-0.38316
0.138459
-4.52858
-0.0811077
0
0
0.653142
0.653142
-0.38316
0.195811
-4.58593
2.87665e-16
0
0
0.92388
0.382683
-2.27059e-16
0.180906
-4.59211
-0.0811077
0
0
0.853371
0.353478
-0.38316
0.138459
-4.60969
-0.149867
0
0
0.652799
0.270398
-0.707629
0.138459
-4.52858
-0.0811077
0
0
0.653142
0.653142
-0.38316
0.149867
-4.66704
-0.149867
0
0
0.706585
8.53747e-16
-0.707629
0.138459
-4.60969
-0.149867
0
0
0.652799
0.270398
-0.707629
0.195811
-4.66704
-0.0811077
0
0
0.923682
-3.48692e-16
-0.38316
0.149867
-4.66704
-0.149867
0
0
0.706585
8.53747e-16
-0.707629
0.0811077
-4.66704
-0.195811
0
0
0.442548
-7.86982e-16
-0.896745
0.138459
-4.60969
-0.149867
0
0
0.652799
0.270398
-0.707629
0.138459
-4.72439
-0.149867
0
0
0.652799
-0.270398
-0.707629
0.0811077
-4.66704
-0.195811
0
0
0.442548
-7.86982e-16
-0.896745
0.149867
-4.66704
-0.149867
0
0
0.706585
8.53747e-16
-0.707629
0.138459
-4.72439
-0.149867
0
0
0.652799
-0.270398
-0.707629
0.0573518
-4.72439
-0.195811
0
0
0.312929
-0.312929
-0.896745
0.0749337
-4.69808
-0.195811
0
0
0.353102
-0.14626
-0.924082
0.105972
-4.77301
-0.149867
0
0
0.499631
-0.499631
-0.707629
0.138459
-4.72439
-0.149867
0
0
0.652799
-0.270398
-0.707629
0.138459
-4.8055
-0.0811077
0
0
0.653142
-0.653142
-0.38316
0.105972
-4.77301
-0.149867
0
0
0.499631
-0.499631
-0.707629
0.0573518
-4.72439
-0.195811
0
0
0.312929
-0.312929
-0.896745
0.138459
-4.72439
-0.149867
0
0
0.652799
-0.270398
-0.707629
0.0573518
-4.8055
-0.149867
0
0
0.270398
-0.652799
-0.707629
0.0573518
-4.72439
-0.195811
0
0
0.312929
-0.312929
-0.896745
0.105972
-4.77301
-0.149867
0
0
0.499631
-0.499631
-0.707629
0.0573518
-4.8055
-0.149867
0
0
0.270398
-0.652799
-0.707629
-2.57557e-17
-4.74815
-0.195811
0
0
2.36331e-18
-0.442548
-0.896745
0.0310386
-4.74197
-0.195811
0
0
0.14626
-0.353102
-0.924082
-2.15454e-17
-4.81691
-0.149867
0
0
-2.57196e-16
-0.706585
-0.707629
0.0573518
-4.8055
-0.149867
0
0
0.270398
-0.652799
-0.707629
-1.87321e-17
-4.86285
-0.0811077
0
0
1.36601e-16
-0.923682
-0.38316
-2.15454e-17
-4.81691
-0.149867
0
0
-2.57196e-16
-0.706585
-0.707629
-2.57557e-17
-4.74815
-0.195811
0
0
2.36331e-18
-0.442548
-0.896745
0.0573518
-4.8055
-0.149867
0
0
0.270398
-0.652799
-0.707629
-0.0573518
-4.8055
-0.149867
0
0
-0.270398
-0.652799
-0.707629
-2.57557e-17
-4.74815
-0.195811
0
0
2.36331e-18
-0.442548
-0.896745
-2.15454e-17
-4.81691
-0.149867
0
0
-2.57196e-16
-0.706585
-0.707629
-0.0573518
-4.8055
-0.149867
0
0
-0.270398
-0.652799
-0.707629
-0.0573518
-4.72439
-0.195811
0
0
-0.312929
-0.312929
-0.896745
-0.0310386
-4.74197
-0.195811
0
0
-0.14626
-0.353102
-0.924082
-0.105972
-4.77301
-0.149867
0
0
-0.499631
-0.499631
-0.707629
-0.0573518
-4.8055
-0.149867
0
0
-0.270398
-0.652799
-0.707629
-0.138459
-4.8055
-0.0811077
0
0
-0.653142
-0.653142
-0.38316
-0.105972
-4.77301
-0.149867
0
0
-0.499631
-0.499631
-0.707629
-0.0573518
-4.72439
-0.195811
0
0
-0.312929
-0.312929
-0.896745
-0.0573518
-4.8055
-0.149867
0
0
-0.270398
-0.652799
-0.707629
-0.138459
-4.72439
-0.149867
0
0
-0.652799
-0.270398
-0.707629
-0.0573518
-4.72439
-0.195811
0
0
-0.312929
-0.312929
-0.896745
-0.105972
-4.77301
-0.149867
0
0
-0.499631
-0.499631
-0.707629
-0.138459
-4.72439
-0.149867
0
0
-0.652799
-0.270398
-0.707629
-0.0811077
-4.66704
-0.195811
0
0
-0.442548
-1.13439e-15
-0.896745
-0.0749337
-4.69808
-0.195811
0
0
-0.353102
-0.14626
-0.924082
-0.149867
-4.66704
-0.149867
0
0
-0.706585
2.01113e-15
-0.707629
-0.138459
-4.72439
-0.149867
0
0
-0.652799
-0.270398
-0.707629
-0.195811
-4.66704
-0.0811077
0
0
-0.923682
1.04248e-16
-0.38316
-0.149867
-4.66704
-0.149867
0
0
-0.706585
2.01113e-15
-0.707629
-0.0811077
-4.66704
-0.195811
0
0
-0.442548
-1.13439e-15
-0.896745
-0.138459
-4.72439
-0.149867
0
0
-0.652799
-0.270398
-0.707629
-0.138459
-4.60969
-0.149867
0
0
-0.652799
0.270398
-0.707629
-0.0811077
-4.66704
-0.195811
0
0
-0.442548
-1.13439e-15
-0.896745
-0.149867
-4.66704
-0.149867
0
0
-0.706585
2.01113e-15
-0.707629
-0.138459
-4.60969
-0.149867
0
0
-0.652799
0.270398
-0.707629
-0.0573518
-4.60969
-0.195811
0
0
-0.312929
0.312929
-0.896745
-0.0749337
-4.636
-0.195811
0
0
-0.353102
0.14626
-0.924082
-0.105972
-4.56107
-0.149867
0
0
-0.499631
0.499631
-0.707629
-0.138459
-4.60969
-0.149867
0
0
-0.652799
0.270398
-0.707629
-0.138459
-4.52858
-0.0811077
0
0
-0.653142
0.653142
-0.38316
-0.105972
-4.56107
-0.149867
0
0
-0.499631
0.499631
-0.707629
-0.0573518
-4.60969
-0.195811
0
0
-0.312929
0.312929
-0.896745
-0.138459
-4.60969
-0.149867
0
0
-0.652799
0.270398
-0.707629
-0.0573518
-4.52858
-0.149867
0
0
-0.270398
0.652799
-0.707629
-0.0573518
-4.60969
-0.195811
0
0
-0.312929
0.312929
-0.896745
-0.105972
-4.56107
-0.149867
0
0
-0.499631
0.499631
-0.707629
-0.0573518
-4.52858
-0.149867
0
0
-0.270398
0.652799
-0.707629
-4.56213e-17
-4.58593
-0.195811
0
0
1.03986e-16
0.442548
-0.896745
-0.0310386
-4.59211
-0.195811
0
0
-0.14626
0.353102
-0.924082
-5.82523e-17
-4.51717
-0.149867
0
0
-2.10758e-16
0.706585
-0.707629
-0.0573518
-4.52858
-0.149867
0
0
-0.270398
0.652799
-0.707629
-6.6692e-17
-4.47123
-0.0811077
0
0
3.41503e-16
0.923682
-0.38316
-5.82523e-17
-4.51717
-0.149867
0
0
-2.10758e-16
0.706585
-0.707629
-4.56213e-17
-4.58593
-0.195811
0
0
1.03986e-16
0.442548
-0.896745
-0.0573518
-4.52858
-0.149867
0
0
-0.270398
0.652799
-0.707629
0.0573518
-4.52858
-0.149867
0
0
0.270398
0.652799
-0.707629
-4.56213e-17
-4.58593
-0.195811
0
0
1.03986e-16
0.442548
-0.896745
-5.82523e-17
-4.51717
-0.149867
0
0
-2.10758e-16
0.706585
-0.707629
0.0573518
-4.52858
-0.149867
0
0
0.270398
0.652799
-0.707629
0.0573518
-4.60969
-0.195811
0
0
0.312929
0.312929
-0.896745
0.0310386
-4.59211
-0.195811
0
0
0.14626
0.353102
-0.924082
0.105972
-4.56107
-0.149867
0
0
0.499631
0.499631
-0.707629
0.0573518
-4.52858
-0.149867
0
0
0.270398
0.652799
-0.707629
0.138459
-4.52858
-0.0811077
0
0
0.653142
0.653142
-0.38316
0.105972
-4.56107
-0.149867
0
0
0.499631
0.499631
-0.707629
0.0573518
-4.60969
-0.195811
0
0
0.312929
0.312929
-0.896745
0.0573518
-4.52858
-0.149867
0
0
0.270398
0.652799
-0.707629
0.138459
-4.60969
-0.149867
0
0
0.652799
0.270398
-0.707629
0.0811077
-4.66704
-0.195811
0
0
0.442548
-7.86982e-16
-0.896745
0.0749337
-4.636
-0.195811
0
0
0.353102
0.14626
-0.924082
0.138459
-4.60969
-0.149867
0
0
0.652799
0.270398
-0.707629
0.0573518
-4.60969
-0.195811
0
0
0.312929
0.312929
-0.896745
0.105972
-4.56107
-0.149867
0
0
0.499631
0.499631
-0.707629
0.0811077
-4.66704
-0.195811
0
0
0.442548
-7.86982e-16
-0.896745
-3.07221e-17
-4.66704
-0.211945
0
0
1.84084e-16
5.57563e-17
-1
0.0749337
-4.636
-0.195811
0
0
0.353102
0.14626
-0.924082
0.0749337
-4.69808
-0.195811
0
0
0.353102
-0.14626
-0.924082
0.0811077
-4.66704
-0.195811
0
0
0.442548
-7.86982e-16
-0.896745
0.138459
-4.72439
-0.149867
0
0
0.652799
-0.270398
-0.707629
0.0749337
-4.69808
-0.195811
0
0
0.353102
-0.14626
-0.924082
-3.07221e-17
-4.66704
-0.211945
0
0
1.84084e-16
5.57563e-17
-1
0.0811077
-4.66704
-0.195811
0
0
0.442548
-7.86982e-16
-0.896745
0.0573518
-4.72439
-0.195811
0
0
0.312929
-0.312929
-0.896745
-3.07221e-17
-4.66704
-0.211945
0
0
1.84084e-16
5.57563e-17
-1
0.0749337
-4.69808
-0.195811
0
0
0.353102
-0.14626
-0.924082
0.0310386
-4.74197
-0.195811
0
0
0.14626
-0.353102
-0.924082
0.0573518
-4.72439
-0.195811
0
0
0.312929
-0.312929
-0.896745
0.0573518
-4.8055
-0.149867
0
0
0.270398
-0.652799
-0.707629
0.0310386
-4.74197
-0.195811
0
0
0.14626
-0.353102
-0.924082
-3.07221e-17
-4.66704
-0.211945
0
0
1.84084e-16
5.57563e-17
-1
0.0573518
-4.72439
-0.195811
0
0
0.312929
-0.312929
-0.896745
-2.57557e-17
-4.74815
-0.195811
0
0
2.36331e-18
-0.442548
-0.896745
-3.07221e-17
-4.66704
-0.211945
0
0
1.84084e-16
5.57563e-17
-1
0.0310386
-4.74197
-0.195811
0
0
0.14626
-0.353102
-0.924082
-0.0310386
-4.74197
-0.195811
0
0
-0.14626
-0.353102
-0.924082
-2.57557e-17
-4.74815
-0.195811
0
0
2.36331e-18
-0.442548
-0.896745
-0.0573518
-4.8055
-0.149867
0
0
-0.270398
-0.652799
-0.707629
-0.0310386
-4.74197
-0.195811
0
0
-0.14626
-0.353102
-0.924082
-3.07221e-17
-4.66704
-0.211945
0
0
1.84084e-16
5.57563e-17
-1
-2.57557e-17
-4.74815
-0.195811
0
0
2.36331e-18
-0.442548
-0.896745
-0.0573518
-4.72439
-0.195811
0
0
-0.312929
-0.312929
-0.896745
-3.07221e-17
-4.66704
-0.211945
0
0
1.84084e-16
5.57563e-17
-1
-0.0310386
-4.74197
-0.195811
0
0
-0.14626
-0.353102
-0.924082
-0.0749337
-4.69808
-0.195811
0
0
-0.353102
-0.14626
-0.924082
-0.0573518
-4.72439
-0.195811
0
0
-0.312929
-0.312929
-0.896745
-0.138459
-4.72439
-0.149867
0
0
-0.652799
-0.270398
-0.707629
-0.0749337
-4.69808
-0.195811
0
0
-0.353102
-0.14626
-0.924082
-3.07221e-17
-4.66704
-0.211945
0
0
1.84084e-16
5.57563e-17
-1
-0.0573518
-4.72439
-0.195811
0
0
-0.312929
-0.312929
-0.896745
-0.0811077
-4.66704
-0.195811
0
0
-0.442548
-1.13439e-15
-0.896745
-3.07221e-17
-4.66704
-0.211945
0
0
1.84084e-16
5.57563e-17
-1
-0.0749337
-4.69808
-0.195811
0
0
-0.353102
-0.14626
-0.924082
-0.0749337
-4.636
-0.195811
0
0
-0.353102
0.14626
-0.924082
-0.0811077
-4.66704
-0.195811
0
0
-0.442548
-1.13439e-15
-0.896745
-0.138459
-4.60969
-0.149867
0
0
-0.652799
0.270398
-0.707629
-0.0749337
-4.636
-0.195811
0
0
-0.353102
0.14626
-0.924082
-3.07221e-17
-4.66704
-0.211945
0
0
1.84084e-16
5.57563e-17
-1
-0.0811077
-4.66704
-0.195811
0
0
-0.442548
-1.13439e-15
-0.896745
-0.0573518
-4.60969
-0.195811
0
0
-0.312929
0.312929
-0.896745
-3.07221e-17
-4.66704
-0.211945
0
0
1.84084e-16
5.57563e-17
-1
-0.0749337
-4.636
-0.195811
0
0
-0.353102
0.14626
-0.924082
-0.0310386
-4.59211
-0.195811
0
0
-0.14626
0.353102
-0.924082
-0.0573518
-4.60969
-0.195811
0
0
-0.312929
0.312929
-0.896745
-0.0573518
-4.52858
-0.149867
0
0
-0.270398
0.652799
-0.707629
-0.0310386
-4.59211
-0.195811
0
0
-0.14626
0.353102
-0.924082
-3.07221e-17
-4.66704
-0.211945
0
0
1.84084e-16
5.57563e-17
-1
-0.0573518
-4.60969
-0.195811
0
0
-0.312929
0.312929
-0.896745
-4.56213e-17
-4.58593
-0.195811
0
0
1.03986e-16
0.442548
-0.896745
-3.07221e-17
-4.66704
-0.211945
0
0
1.84084e-16
5.57563e-17
-1
-0.0310386
-4.59211
-0.195811
0
0
-0.14626
0.353102
-0.924082
0.0310386
-4.59211
-0.195811
0
0
0.14626
0.353102
-0.924082
-4.56213e-17
-4.58593
-0.195811
0
0
1.03986e-16
0.442548
-0.896745
0.0573518
-4.52858
-0.149867
0
0
0.270398
0.652799
-0.707629
0.0310386
-4.59211
-0.195811
0
0
0.14626
0.353102
-0.924082
-3.07221e-17
-4.66704
-0.211945
0
0
1.84084e-16
5.57563e-17
-1
-4.56213e-17
-4.58593
-0.195811
0
0
1.03986e-16
0.442548
-0.896745
0.0573518
-4.60969
-0.195811
0
0
0.312929
0.312929
-0.896745
-3.07221e-17
-4.66704
-0.211945
0
0
1.84084e-16
5.57563e-17
-1
0.0310386
-4.59211
-0.195811
0
0
0.14626
0.353102
-0.924082
0.0749337
-4.636
-0.195811
0
0
0.353102
0.14626
-0.924082
0.0573518
-4.60969
-0.195811
0
0
0.312929
0.312929
-0.896745
0.138459
-4.60969
-0.149867
0
0
0.652799
0.270398
-0.707629
0.0749337
-4.636
-0.195811
0
0
0.353102
0.14626
-0.924082
-3.07221e-17
-4.66704
-0.211945
0
0
1.84084e-16
5.57563e-17
-1
0.0573518
-4.60969
-0.195811
0
0
0.312929
0.312929
-0.896745
0.218
-4.63403
-0.000989249
0
0
0.547256
-0.836352
-0.0320349
-0.201406
-4.63083
-0.0844134
0
0
-0.44893
-0.86628
-0.219136
0.201406
-4.63083
-0.0844134
0
0
0.818326
-0.451037
-0.356242
0.218
-4.63403
-0.000989249
0
0
0.547256
-0.836352
-0.0320349
0.218
-0.953904
0.000989249
0
0
0.794363
0.606999
0.0232499
0.201406
-4.63722
0.0824349
0
0
0.739065
-0.611438
0.282714
0.201406
-4.63083
-0.0844134
0
0
0.818326
-0.451037
-0.356242
-0.201406
-4.63083
-0.0844134
0
0
-0.44893
-0.86628
-0.219136
0.154149
-4.62812
-0.155137
0
0
0.488653
-0.703816
-0.515617
0.201406
-4.63083
-0.0844134
0
0
0.818326
-0.451037
-0.356242
0.218
-0.953904
0.000989249
0
0
0.794363
0.606999
0.0232499
0.218
-4.63403
-0.000989249
0
0
0.547256
-0.836352
-0.0320349
0.201406
-4.63083
-0.0844134
0
0
0.818326
-0.451037
-0.356242
0.154149
-0.948
-0.153158
0
0
0.569077
0.615275
-0.545516
0.201406
-0.950709
-0.0824349
0
0
0.508977
0.842053
-0.178574
0.154149
-4.62812
-0.155137
0
0
0.488653
-0.703816
-0.515617
-0.201406
-4.63083
-0.0844134
0
0
-0.44893
-0.86628
-0.219136
0.083425
-4.62631
-0.202393
0
0
0.336228
-0.447142
-0.828863
0.154149
-4.62812
-0.155137
0
0
0.488653
-0.703816
-0.515617
0.154149
-0.948
-0.153158
0
0
0.569077
0.615275
-0.545516
0.201406
-4.63083
-0.0844134
0
0
0.818326
-0.451037
-0.356242
0.083425
-4.62631
-0.202393
0
0
0.336228
-0.447142
-0.828863
-0.201406
-4.63083
-0.0844134
0
0
-0.44893
-0.86628
-0.219136
-2.19217e-17
-4.62568
-0.218987
0
0
1.36164e-16
-0.699951
-0.714191
0.083425
-4.62631
-0.202393
0
0
0.336228
-0.447142
-0.828863
0.154149
-0.948
-0.153158
0
0
0.569077
0.615275
-0.545516
0.154149
-4.62812
-0.155137
0
0
0.488653
-0.703816
-0.515617
0.083425
-4.62631
-0.202393
0
0
0.336228
-0.447142
-0.828863
-2.19217e-17
-0.945554
-0.217009
0
0
-5.76139e-16
0.461429
-0.887177
0.083425
-0.94619
-0.200414
0
0
0.272759
0.726533
-0.630677
-2.19217e-17
-4.62568
-0.218987
0
0
1.36164e-16
-0.699951
-0.714191
-0.201406
-4.63083
-0.0844134
0
0
-0.44893
-0.86628
-0.219136
-0.083425
-4.62631
-0.202393
0
0
-0.336228
-0.447142
-0.828863
-2.19217e-17
-4.62568
-0.218987
0
0
1.36164e-16
-0.699951
-0.714191
-2.19217e-17
-0.945554
-0.217009
0
0
-5.76139e-16
0.461429
-0.887177
0.083425
-4.62631
-0.202393
0
0
0.336228
-0.447142
-0.828863
-0.083425
-4.62631
-0.202393
0
0
-0.336228
-0.447142
-0.828863
-0.201406
-4.63083
-0.0844134
0
0
-0.44893
-0.86628
-0.219136
-0.154149
-4.62812
-0.155137
0
0
-0.623277
-0.448691
-0.64047
-0.083425
-4.62631
-0.202393
0
0
-0.336228
-0.447142
-0.828863
-2.19217e-17
-0.945554
-0.217009
0
0
-5.76139e-16
0.461429
-0.887177
-2.19217e-17
-4.62568
-0.218987
0
0
1.36164e-16
-0.699951
-0.714191
-0.083425
-4.62631
-0.202393
0
0
-0.336228
-0.447142
-0.828863
-0.154149
-0.948
-0.153158
0
0
-0.501869
0.723391
-0.474166
-0.083425
-0.94619
-0.200414
0
0
-0.345853
0.460839
-0.817321
-0.154149
-4.62812
-0.155137
0
0
-0.623277
-0.448691
-0.64047
-0.154149
-0.948
-0.153158
0
0
-0.501869
0.723391
-0.474166
-0.083425
-4.62631
-0.202393
0
0
-0.336228
-0.447142
-0.828863
-0.201406
-4.63083
-0.0844134
0
0
-0.44893
-0.86628
-0.219136
0.218
-4.63403
-0.000989249
0
0
0.547256
-0.836352
-0.0320349
-0.218
-4.63403
-0.000989249
0
0
-0.547256
-0.836352
-0.0320349
-0.201406
-4.63083
-0.0844134
0
0
-0.44893
-0.86628
-0.219136
-0.154149
-0.948
-0.153158
0
0
-0.501869
0.723391
-0.474166
-0.154149
-4.62812
-0.155137
0
0
-0.623277
-0.448691
-0.64047
-0.201406
-4.63083
-0.0844134
0
0
-0.44893
-0.86628
-0.219136
-0.218
-0.953904
0.000989249
0
0
-0.794363
0.606999
0.0232499
-0.201406
-0.950709
-0.0824349
0
0
-0.508977
0.842053
-0.178574
-0.218
-4.63403
-0.000989249
0
0
-0.547256
-0.836352
-0.0320349
0.201406
-4.63722
0.0824349
0
0
0.739065
-0.611438
0.282714
-0.201406
-4.63722
0.0824349
0
0
-0.739065
-0.611438
0.282714
-0.218
-4.63403
-0.000989249
0
0
-0.547256
-0.836352
-0.0320349
-0.218
-0.953904
0.000989249
0
0
-0.794363
0.606999
0.0232499
-0.201406
-4.63083
-0.0844134
0
0
-0.44893
-0.86628
-0.219136
-0.201406
-4.63722
0.0824349
0
0
-0.739065
-0.611438
0.282714
0.154149
-4.63993
0.153158
0
0
0.391788
-0.846976
0.359351
-0.154149
-4.63993
0.153158
0
0
-0.314677
-0.906979
0.279941
-0.201406
-4.63722
0.0824349
0
0
-0.739065
-0.611438
0.282714
-0.218
-0.953904
0.000989249
0
0
-0.794363
0.606999
0.0232499
-0.218
-4.63403
-0.000989249
0
0
-0.547256
-0.836352
-0.0320349
-0.201406
-4.63722
0.0824349
0
0
-0.739065
-0.611438
0.282714
-0.154149
-0.959808
0.155137
0
0
-0.680866
0.244891
0.690253
-0.201406
-0.9571
0.0844134
0
0
-0.248361
0.958557
0.139591
-0.154149
-4.63993
0.153158
0
0
-0.314677
-0.906979
0.279941
-7.53163e-17
-4.64238
0.217009
0
0
-9.03966e-15
-0.727645
0.685954
-0.083425
-4.64174
0.200414
0
0
-0.373963
-0.24939
0.893284
-0.154149
-4.63993
0.153158
0
0
-0.314677
-0.906979
0.279941
-0.154149
-0.959808
0.155137
0
0
-0.680866
0.244891
0.690253
-0.201406
-4.63722
0.0824349
0
0
-0.739065
-0.611438
0.282714
-0.083425
-4.64174
0.200414
0
0
-0.373963
-0.24939
0.893284
-0.154149
-0.959808
0.155137
0
0
-0.680866
0.244891
0.690253
-0.154149
-4.63993
0.153158
0
0
-0.314677
-0.906979
0.279941
-0.083425
-4.64174
0.200414
0
0
-0.373963
-0.24939
0.893284
-7.53163e-17
-0.962254
0.218987
0
0
-3.5391e-16
0.446602
0.894733
-0.083425
-0.961619
0.202393
0
0
-0.263411
0.700949
0.662786
-7.53163e-17
-4.64238
0.217009
0
0
-9.03966e-15
-0.727645
0.685954
-0.154149
-4.63993
0.153158
0
0
-0.314677
-0.906979
0.279941
0.083425
-4.64174
0.200414
0
0
0.345853
-0.460839
0.817321
-7.53163e-17
-4.64238
0.217009
0
0
-9.03966e-15
-0.727645
0.685954
-7.53163e-17
-0.962254
0.218987
0
0
-3.5391e-16
0.446602
0.894733
-0.083425
-4.64174
0.200414
0
0
-0.373963
-0.24939
0.893284
0.083425
-4.64174
0.200414
0
0
0.345853
-0.460839
0.817321
-0.154149
-4.63993
0.153158
0
0
-0.314677
-0.906979
0.279941
0.154149
-4.63993
0.153158
0
0
0.391788
-0.846976
0.359351
0.083425
-4.64174
0.200414
0
0
0.345853
-0.460839
0.817321
-7.53163e-17
-0.962254
0.218987
0
0
-3.5391e-16
0.446602
0.894733
-7.53163e-17
-4.64238
0.217009
0
0
-9.03966e-15
-0.727645
0.685954
0.083425
-4.64174
0.200414
0
0
0.345853
-0.460839
0.817321
0.154149
-0.959808
0.155137
0
0
0.623277
0.448691
0.64047
0.083425
-0.961619
0.202393
0
0
0.263411
0.700949
0.662786
0.154149
-4.63993
0.153158
0
0
0.391788
-0.846976
0.359351
-0.201406
-4.63722
0.0824349
0
0
-0.739065
-0.611438
0.282714
0.201406
-4.63722
0.0824349
0
0
0.739065
-0.611438
0.282714
0.154149
-4.63993
0.153158
0
0
0.391788
-0.846976
0.359351
0.154149
-0.959808
0.155137
0
0
0.623277
0.448691
0.64047
0.083425
-4.64174
0.200414
0
0
0.345853
-0.460839
0.817321
0.201406
-4.63722
0.0824349
0
0
0.739065
-0.611438
0.282714
-0.218
-4.63403
-0.000989249
0
0
-0.547256
-0.836352
-0.0320349
0.218
-4.63403
-0.000989249
0
0
0.547256
-0.836352
-0.0320349
0.201406
-4.63722
0.0824349
0
0
0.739065
-0.611438
0.282714
0.218
-0.953904
0.000989249
0
0
0.794363
0.606999
0.0232499
0.201406
-0.9571
0.0844134
0
0
0.642294
0.708171
0.293175
0.201406
-4.63722
0.0824349
0
0
0.739065
-0.611438
0.282714
0.154149
-0.959808
0.155137
0
0
0.623277
0.448691
0.64047
0.154149
-4.63993
0.153158
0
0
0.391788
-0.846976
0.359351
0.218
-0.953904
0.000989249
0
0
0.794363
0.606999
0.0232499
-0.201406
-0.9571
0.0844134
0
0
-0.248361
0.958557
0.139591
0.201406
-0.9571
0.0844134
0
0
0.642294
0.708171
0.293175
0.201406
-0.950709
-0.0824349
0
0
0.508977
0.842053
-0.178574
0.218
-0.953904
0.000989249
0
0
0.794363
0.606999
0.0232499
0.201406
-4.63083
-0.0844134
0
0
0.818326
-0.451037
-0.356242
0.201406
-0.950709
-0.0824349
0
0
0.508977
0.842053
-0.178574
-0.218
-0.953904
0.000989249
0
0
-0.794363
0.606999
0.0232499
0.218
-0.953904
0.000989249
0
0
0.794363
0.606999
0.0232499
0.154149
-0.948
-0.153158
0
0
0.569077
0.615275
-0.545516
-0.201406
-0.950709
-0.0824349
0
0
-0.508977
0.842053
-0.178574
0.201406
-0.950709
-0.0824349
0
0
0.508977
0.842053
-0.178574
0.083425
-0.94619
-0.200414
0
0
0.272759
0.726533
-0.630677
0.154149
-0.948
-0.153158
0
0
0.569077
0.615275
-0.545516
0.083425
-4.62631
-0.202393
0
0
0.336228
-0.447142
-0.828863
0.083425
-0.94619
-0.200414
0
0
0.272759
0.726533
-0.630677
-0.154149
-0.948
-0.153158
0
0
-0.501869
0.723391
-0.474166
0.154149
-0.948
-0.153158
0
0
0.569077
0.615275
-0.545516
-2.19217e-17
-0.945554
-0.217009
0
0
-5.76139e-16
0.461429
-0.887177
-0.154149
-0.948
-0.153158
0
0
-0.501869
0.723391
-0.474166
0.083425
-0.94619
-0.200414
0
0
0.272759
0.726533
-0.630677
-0.083425
-0.94619
-0.200414
0
0
-0.345853
0.460839
-0.817321
-2.19217e-17
-0.945554
-0.217009
0
0
-5.76139e-16
0.461429
-0.887177
-0.083425
-4.62631
-0.202393
0
0
-0.336228
-0.447142
-0.828863
-0.083425
-0.94619
-0.200414
0
0
-0.345853
0.460839
-0.817321
-0.154149
-0.948
-0.153158
0
0
-0.501869
0.723391
-0.474166
-2.19217e-17
-0.945554
-0.217009
0
0
-5.76139e-16
0.461429
-0.887177
-0.201406
-0.950709
-0.0824349
0
0
-0.508977
0.842053
-0.178574
0.154149
-0.948
-0.153158
0
0
0.569077
0.615275
-0.545516
-0.154149
-0.948
-0.153158
0
0
-0.501869
0.723391
-0.474166
-0.201406
-0.950709
-0.0824349
0
0
-0.508977
0.842053
-0.178574
-0.154149
-0.948
-0.153158
0
0
-0.501869
0.723391
-0.474166
-0.201406
-4.63083
-0.0844134
0
0
-0.44893
-0.86628
-0.219136
-0.218
-0.953904
0.000989249
0
0
-0.794363
0.606999
0.0232499
0.201406
-0.950709
-0.0824349
0
0
0.508977
0.842053
-0.178574
-0.201406
-0.950709
-0.0824349
0
0
-0.508977
0.842053
-0.178574
-0.201406
-0.9571
0.0844134
0
0
-0.248361
0.958557
0.139591
0.218
-0.953904
0.000989249
0
0
0.794363
0.606999
0.0232499
-0.218
-0.953904
0.000989249
0
0
-0.794363
0.606999
0.0232499
-0.201406
-0.9571
0.0844134
0
0
-0.248361
0.958557
0.139591
-0.218
-0.953904
0.000989249
0
0
-0.794363
0.606999
0.0232499
-0.201406
-4.63722
0.0824349
0
0
-0.739065
-0.611438
0.282714
-0.154149
-0.959808
0.155137
0
0
-0.680866
0.244891
0.690253
-0.083425
-0.961619
0.202393
0
0
-0.263411
0.700949
0.662786
-0.201406
-0.9571
0.0844134
0
0
-0.248361
0.958557
0.139591
-0.083425
-0.961619
0.202393
0
0
-0.263411
0.700949
0.662786
-0.154149
-0.959808
0.155137
0
0
-0.680866
0.244891
0.690253
-0.083425
-4.64174
0.200414
0
0
-0.373963
-0.24939
0.893284
-7.53163e-17
-0.962254
0.218987
0
0
-3.5391e-16
0.446602
0.894733
-0.201406
-0.9571
0.0844134
0
0
-0.248361
0.958557
0.139591
-0.083425
-0.961619
0.202393
0
0
-0.263411
0.700949
0.662786
0.083425
-0.961619
0.202393
0
0
0.263411
0.700949
0.662786
-0.201406
-0.9571
0.0844134
0
0
-0.248361
0.958557
0.139591
-7.53163e-17
-0.962254
0.218987
0
0
-3.5391e-16
0.446602
0.894733
0.083425
-0.961619
0.202393
0
0
0.263411
0.700949
0.662786
-7.53163e-17
-0.962254
0.218987
0
0
-3.5391e-16
0.446602
0.894733
0.083425
-4.64174
0.200414
0
0
0.345853
-0.460839
0.817321
0.154149
-0.959808
0.155137
0
0
0.623277
0.448691
0.64047
-0.201406
-0.9571
0.0844134
0
0
-0.248361
0.958557
0.139591
0.083425
-0.961619
0.202393
0
0
0.263411
0.700949
0.662786
0.201406
-0.9571
0.0844134
0
0
0.642294
0.708171
0.293175
-0.201406
-0.9571
0.0844134
0
0
-0.248361
0.958557
0.139591
0.154149
-0.959808
0.155137
0
0
0.623277
0.448691
0.64047
0.201406
-0.9571
0.0844134
0
0
0.642294
0.708171
0.293175
0.154149
-0.959808
0.155137
0
0
0.623277
0.448691
0.64047
0.201406
-4.63722
0.0824349
0
0
0.739065
-0.611438
0.282714
-1.39485
-3.39523
-0.16244
0
0
-0.57735
0.57735
-0.57735
-0.774855
-3.39523
-0.16244
0
0
0
0.707107
-0.707107
-1.39485
-3.64323
-0.16244
0
0
-0.57735
-0.57735
-0.57735
-1.39485
-4.63523
-0.16244
0
0
-0.57735
-0.57735
-0.57735
-1.39485
-4.38723
0.16244
0
0
-0.57735
0.57735
0.57735
-1.39485
-4.38723
-0.16244
0
0
-0.57735
0.57735
-0.57735
-1.39485
-4.63523
-0.16244
0
0
-0.57735
-0.57735
-0.57735
-0.774855
-4.38723
-0.16244
0
0
0
2.46519e-32
-1
-0.774855
-4.63523
-0.16244
0
0
0
-0.707107
-0.707107
-1.39485
-4.63523
-0.16244
0
0
-0.57735
-0.57735
-0.57735
-0.774855
-4.63523
0.16244
0
0
0
-0.707107
0.707107
-1.39485
-4.63523
0.16244
0
0
-0.57735
-0.57735
0.57735
-1.39485
-3.39523
0.16244
0
0
-0.57735
0.57735
0.57735
-1.39485
-3.64323
-0.16244
0
0
-0.57735
-0.57735
-0.57735
-1.39485
-3.64323
0.16244
0
0
-0.57735
-0.57735
0.57735
-1.39485
-3.39523
0.16244
0
0
-0.57735
0.57735
0.57735
-0.774855
-3.64323
0.16244
0
0
0
1.11918e-16
1
-0.774855
-3.39523
0.16244
0
0
0
0.707107
0.707107
-1.39485
-3.39523
0.16244
0
0
-0.57735
0.57735
0.57735
-0.774855
-3.39523
-0.16244
0
0
0
0.707107
-0.707107
-1.39485
-3.39523
-0.16244
0
0
-0.57735
0.57735
-0.57735
-1.39485
-4.63523
0.16244
0
0
-0.57735
-0.57735
0.57735
-1.39485
-4.38723
0.16244
0
0
-0.57735
0.57735
0.57735
-1.39485
-4.63523
-0.16244
0
0
-0.57735
-0.57735
-0.57735
-0.154855
-3.39523
-0.16244
0
0
0.57735
0.57735
-0.57735
-0.154855
-3.39523
0.16244
0
0
0.57735
0.57735
0.57735
-0.154855
-3.64323
-0.16244
0
0
0.707107
-7.91377e-17
-0.707107
-0.154855
-3.39523
-0.16244
0
0
0.57735
0.57735
-0.57735
-0.774855
-3.39523
-0.16244
0
0
0
0.707107
-0.707107
-0.154855
-3.39523
0.16244
0
0
0.57735
0.57735
0.57735
-0.154855
-4.63523
-0.16244
0
0
0.57735
-0.57735
-0.57735
-0.154855
-4.38723
0.16244
0
0
0.707107
3.95689e-17
0.707107
-0.154855
-4.63523
0.16244
0
0
0.57735
-0.57735
0.57735
-0.154855
-4.63523
-0.16244
0
0
0.57735
-0.57735
-0.57735
-0.774855
-4.38723
-0.16244
0
0
0
2.46519e-32
-1
-0.154855
-4.38723
-0.16244
0
0
0.707107
-7.729e-17
-0.707107
-0.154855
-4.63523
-0.16244
0
0
0.57735
-0.57735
-0.57735
-0.774855
-4.63523
0.16244
0
0
0
-0.707107
0.707107
-0.774855
-4.63523
-0.16244
0
0
0
-0.707107
-0.707107
-0.154855
-3.39523
0.16244
0
0
0.57735
0.57735
0.57735
-0.774855
-3.64323
0.16244
0
0
0
1.11918e-16
1
-0.154855
-3.64323
0.16244
0
0
0.707107
1.5458e-16
0.707107
-0.154855
-3.39523
0.16244
0
0
0.57735
0.57735
0.57735
-0.774855
-3.39523
-0.16244
0
0
0
0.707107
-0.707107
-0.774855
-3.39523
0.16244
0
0
0
0.707107
0.707107
-0.154855
-4.63523
0.16244
0
0
0.57735
-0.57735
0.57735
-0.774855
-4.63523
0.16244
0
0
0
-0.707107
0.707107
-0.154855
-4.63523
-0.16244
0
0
0.57735
-0.57735
-0.57735
-0.154855
-3.64323
0.16244
0
0
0.707107
1.5458e-16
0.707107
-0.154855
-3.64323
-0.16244
0
0
0.707107
-7.91377e-17
-0.707107
-0.154855
-3.39523
0.16244
0
0
0.57735
0.57735
0.57735
-0.154855
-3.64323
0.16244
0
0
0.707107
1.5458e-16
0.707107
-0.774855
-3.64323
0.16244
0
0
0
1.11918e-16
1
-0.154855
-3.89123
0.16244
0
0
0.707107
3.95689e-17
0.707107
-0.154855
-3.64323
-0.16244
0
0
0.707107
-7.91377e-17
-0.707107
-0.154855
-3.89123
0.16244
0
0
0.707107
3.95689e-17
0.707107
-0.154855
-3.89123
-0.16244
0
0
0.707107
-7.729e-17
-0.707107
-0.154855
-3.64323
-0.16244
0
0
0.707107
-7.91377e-17
-0.707107
-0.774855
-3.89123
-0.16244
0
0
0
-7.39557e-32
-1
-0.774855
-3.64323
-0.16244
0
0
0
-1.11918e-16
-1
-0.154855
-3.64323
-0.16244
0
0
0.707107
-7.91377e-17
-0.707107
-0.774855
-3.39523
-0.16244
0
0
0
0.707107
-0.707107
-0.154855
-3.39523
-0.16244
0
0
0.57735
0.57735
-0.57735
-1.39485
-3.64323
0.16244
0
0
-0.57735
-0.57735
0.57735
-1.39485
-3.64323
-0.16244
0
0
-0.57735
-0.57735
-0.57735
-0.757481
-3.64323
0.16244
0
0
-0.57735
-0.57735
0.57735
-1.39485
-3.64323
0.16244
0
0
-0.57735
-0.57735
0.57735
-0.774855
-3.64323
0.16244
0
0
0
1.11918e-16
1
-1.39485
-3.39523
0.16244
0
0
-0.57735
0.57735
0.57735
-1.39485
-3.64323
-0.16244
0
0
-0.57735
-0.57735
-0.57735
-1.39485
-3.39523
0.16244
0
0
-0.57735
0.57735
0.57735
-1.39485
-3.39523
-0.16244
0
0
-0.57735
0.57735
-0.57735
-1.39485
-3.64323
-0.16244
0
0
-0.57735
-0.57735
-0.57735
-0.774855
-3.64323
-0.16244
0
0
0
-1.11918e-16
-1
-0.757481
-3.64323
-0.16244
0
0
-0.57735
-0.57735
-0.57735
-1.39485
-3.64323
-0.16244
0
0
-0.57735
-0.57735
-0.57735
-0.774855
-3.39523
-0.16244
0
0
0
0.707107
-0.707107
-0.774855
-3.64323
-0.16244
0
0
0
-1.11918e-16
-1
-1.39485
-3.89123
-0.16244
0
0
-0.57735
0.57735
-0.57735
-0.774855
-3.89123
-0.16244
0
0
0
-7.39557e-32
-1
-1.39485
-4.13923
-0.16244
0
0
-0.57735
-0.57735
-0.57735
-1.39485
-3.89123
-0.16244
0
0
-0.57735
0.57735
-0.57735
-0.757481
-3.89123
-0.16244
0
0
-0.57735
0.57735
-0.57735
-0.774855
-3.89123
-0.16244
0
0
0
-7.39557e-32
-1
-1.39485
-3.89123
0.16244
0
0
-0.57735
0.57735
0.57735
-1.39485
-4.13923
-0.16244
0
0
-0.57735
-0.57735
-0.57735
-1.39485
-4.13923
0.16244
0
0
-0.57735
-0.57735
0.57735
-1.39485
-3.89123
0.16244
0
0
-0.57735
0.57735
0.57735
-0.774855
-4.13923
0.16244
0
0
0
-2.46519e-32
1
-0.774855
-3.89123
0.16244
0
0
0
7.39557e-32
1
-1.39485
-3.89123
0.16244
0
0
-0.57735
0.57735
0.57735
-0.757481
-3.89123
-0.16244
0
0
-0.57735
0.57735
-0.57735
-1.39485
-3.89123
-0.16244
0
0
-0.57735
0.57735
-0.57735
-0.154855
-3.89123
-0.16244
0
0
0.707107
-7.729e-17
-0.707107
-0.154855
-3.89123
0.16244
0
0
0.707107
3.95689e-17
0.707107
-0.154855
-4.13923
-0.16244
0
0
0.707107
-3.95689e-17
-0.707107
-0.154855
-3.89123
-0.16244
0
0
0.707107
-7.729e-17
-0.707107
-0.774855
-3.89123
-0.16244
0
0
0
-7.39557e-32
-1
-0.154855
-3.64323
-0.16244
0
0
0.707107
-7.91377e-17
-0.707107
-0.154855
-3.89123
0.16244
0
0
0.707107
3.95689e-17
0.707107
-0.154855
-3.64323
-0.16244
0
0
0.707107
-7.91377e-17
-0.707107
-0.154855
-3.64323
0.16244
0
0
0.707107
1.5458e-16
0.707107
-0.154855
-3.89123
0.16244
0
0
0.707107
3.95689e-17
0.707107
-0.774855
-4.13923
0.16244
0
0
0
-2.46519e-32
1
-0.154855
-4.13923
0.16244
0
0
0.707107
7.729e-17
0.707107
-0.154855
-3.89123
0.16244
0
0
0.707107
3.95689e-17
0.707107
-0.774855
-3.64323
0.16244
0
0
0
1.11918e-16
1
-0.774855
-3.89123
0.16244
0
0
0
7.39557e-32
1
-0.154855
-4.13923
0.16244
0
0
0.707107
7.729e-17
0.707107
-0.154855
-4.13923
-0.16244
0
0
0.707107
-3.95689e-17
-0.707107
-0.154855
-3.89123
0.16244
0
0
0.707107
3.95689e-17
0.707107
-0.154855
-4.13923
0.16244
0
0
0.707107
7.729e-17
0.707107
-0.774855
-4.13923
0.16244
0
0
0
-2.46519e-32
1
-0.154855
-4.38723
0.16244
0
0
0.707107
3.95689e-17
0.707107
-0.154855
-4.13923
-0.16244
0
0
0.707107
-3.95689e-17
-0.707107
-0.154855
-4.38723
0.16244
0
0
0.707107
3.95689e-17
0.707107
-0.154855
-4.38723
-0.16244
0
0
0.707107
-7.729e-17
-0.707107
-0.154855
-4.13923
-0.16244
0
0
0.707107
-3.95689e-17
-0.707107
-0.774855
-4.38723
-0.16244
0
0
0
2.46519e-32
-1
-0.774855
-4.13923
-0.16244
0
0
0
3.57453e-31
-1
-0.154855
-4.13923
-0.16244
0
0
0.707107
-3.95689e-17
-0.707107
-0.774855
-3.89123
-0.16244
0
0
0
-7.39557e-32
-1
-0.154855
-3.89123
-0.16244
0
0
0.707107
-7.729e-17
-0.707107
-1.39485
-4.13923
0.16244
0
0
-0.57735
-0.57735
0.57735
-1.39485
-4.13923
-0.16244
0
0
-0.57735
-0.57735
-0.57735
-0.794314
-4.13923
0.16244
0
0
-0.57735
-0.57735
0.57735
-1.39485
-4.13923
0.16244
0
0
-0.57735
-0.57735
0.57735
-0.774855
-4.13923
0.16244
0
0
0
-2.46519e-32
1
-1.39485
-3.89123
0.16244
0
0
-0.57735
0.57735
0.57735
-1.39485
-4.13923
-0.16244
0
0
-0.57735
-0.57735
-0.57735
-1.39485
-3.89123
0.16244
0
0
-0.57735
0.57735
0.57735
-1.39485
-3.89123
-0.16244
0
0
-0.57735
0.57735
-0.57735
-1.39485
-4.13923
-0.16244
0
0
-0.57735
-0.57735
-0.57735
-0.774855
-4.13923
-0.16244
0
0
0
3.57453e-31
-1
-0.794314
-4.13923
-0.16244
0
0
-0.57735
-0.57735
-0.57735
-1.39485
-4.13923
-0.16244
0
0
-0.57735
-0.57735
-0.57735
-0.774855
-3.89123
-0.16244
0
0
0
-7.39557e-32
-1
-0.774855
-4.13923
-0.16244
0
0
0
3.57453e-31
-1
-1.39485
-4.38723
-0.16244
0
0
-0.57735
0.57735
-0.57735
-0.774855
-4.38723
-0.16244
0
0
0
2.46519e-32
-1
-1.39485
-4.63523
-0.16244
0
0
-0.57735
-0.57735
-0.57735
-1.39485
-4.38723
-0.16244
0
0
-0.57735
0.57735
-0.57735
-0.794314
-4.38723
-0.16244
0
0
-0.57735
0.57735
-0.57735
-0.774855
-4.38723
-0.16244
0
0
0
2.46519e-32
-1
-1.39485
-4.38723
0.16244
0
0
-0.57735
0.57735
0.57735
-0.774855
-4.63523
0.16244
0
0
0
-0.707107
0.707107
-0.774855
-4.38723
0.16244
0
0
0
3.08149e-31
1
-1.39485
-4.38723
0.16244
0
0
-0.57735
0.57735
0.57735
-0.794314
-4.38723
-0.16244
0
0
-0.57735
0.57735
-0.57735
-1.39485
-4.38723
-0.16244
0
0
-0.57735
0.57735
-0.57735
-0.154855
-4.38723
-0.16244
0
0
0.707107
-7.729e-17
-0.707107
-0.154855
-4.38723
0.16244
0
0
0.707107
3.95689e-17
0.707107
-0.154855
-4.63523
-0.16244
0
0
0.57735
-0.57735
-0.57735
-0.154855
-4.38723
-0.16244
0
0
0.707107
-7.729e-17
-0.707107
-0.774855
-4.38723
-0.16244
0
0
0
2.46519e-32
-1
-0.154855
-4.13923
-0.16244
0
0
0.707107
-3.95689e-17
-0.707107
-0.154855
-4.38723
0.16244
0
0
0.707107
3.95689e-17
0.707107
-0.154855
-4.13923
-0.16244
0
0
0.707107
-3.95689e-17
-0.707107
-0.154855
-4.13923
0.16244
0
0
0.707107
7.729e-17
0.707107
-0.154855
-4.38723
0.16244
0
0
0.707107
3.95689e-17
0.707107
-0.774855
-4.13923
0.16244
0
0
0
-2.46519e-32
1
-0.774855
-4.38723
0.16244
0
0
0
3.08149e-31
1
-0.154855
-4.38723
0.16244
0
0
0.707107
3.95689e-17
0.707107
-0.774855
-4.63523
0.16244
0
0
0
-0.707107
0.707107
-0.154855
-4.63523
0.16244
0
0
0.57735
-0.57735
0.57735
-0.774855
-4.38723
-0.16244
0
0
0
2.46519e-32
-1
-0.794314
-4.38723
-0.16244
0
0
-0.57735
0.57735
-0.57735
-0.174314
-4.38723
-0.16244
0
0
0
0
0
-0.774855
-4.38723
-0.16244
0
0
0
2.46519e-32
-1
-0.174314
-4.13923
-0.16244
0
0
0
0
0
-0.774855
-4.13923
-0.16244
0
0
0
3.57453e-31
-1
-0.774855
-4.38723
0.16244
0
0
0
3.08149e-31
1
-0.774855
-4.63523
0.16244
0
0
0
-0.707107
0.707107
-0.154855
-4.38723
0.16244
0
0
0.707107
3.95689e-17
0.707107
-0.774855
-4.38723
0.16244
0
0
0
3.08149e-31
1
-0.794314
-4.38723
0.16244
0
0
-0.57735
0.57735
0.57735
-1.39485
-4.38723
0.16244
0
0
-0.57735
0.57735
0.57735
-0.774855
-4.13923
-0.16244
0
0
0
3.57453e-31
-1
-0.774855
-3.89123
-0.16244
0
0
0
-7.39557e-32
-1
-0.154855
-4.13923
-0.16244
0
0
0.707107
-3.95689e-17
-0.707107
-0.774855
-4.13923
0.16244
0
0
0
-2.46519e-32
1
-0.794314
-4.13923
0.16244
0
0
-0.57735
-0.57735
0.57735
-0.174314
-4.13923
0.16244
0
0
0
0
0
-0.774855
-4.13923
0.16244
0
0
0
-2.46519e-32
1
-0.174314
-4.38723
0.16244
0
0
0
0
0
-0.774855
-4.38723
0.16244
0
0
0
3.08149e-31
1
-0.774855
-3.89123
-0.16244
0
0
0
-7.39557e-32
-1
-0.757481
-3.89123
-0.16244
0
0
-0.57735
0.57735
-0.57735
-0.137481
-3.89123
-0.16244
0
0
0
0
0
-0.774855
-3.89123
-0.16244
0
0
0
-7.39557e-32
-1
-0.137481
-3.64323
-0.16244
0
0
0
0
0
-0.774855
-3.64323
-0.16244
0
0
0
-1.11918e-16
-1
-0.774855
-3.89123
0.16244
0
0
0
7.39557e-32
1
-0.774855
-4.13923
0.16244
0
0
0
-2.46519e-32
1
-0.154855
-3.89123
0.16244
0
0
0.707107
3.95689e-17
0.707107
-0.774855
-3.89123
0.16244
0
0
0
7.39557e-32
1
-0.757481
-3.89123
0.16244
0
0
-0.57735
0.57735
0.57735
-1.39485
-3.89123
0.16244
0
0
-0.57735
0.57735
0.57735
-0.774855
-3.64323
-0.16244
0
0
0
-1.11918e-16
-1
-0.774855
-3.39523
-0.16244
0
0
0
0.707107
-0.707107
-0.154855
-3.64323
-0.16244
0
0
0.707107
-7.91377e-17
-0.707107
-0.774855
-3.64323
0.16244
0
0
0
1.11918e-16
1
-0.757481
-3.64323
0.16244
0
0
-0.57735
-0.57735
0.57735
-0.137481
-3.64323
0.16244
0
0
0
0
0
-0.774855
-3.64323
0.16244
0
0
0
1.11918e-16
1
-0.137481
-3.89123
0.16244
0
0
0
0
0
-0.774855
-3.89123
0.16244
0
0
0
7.39557e-32
1
-0.774855
-4.63523
0.16244
0
0
0
-0.707107
0.707107
-1.39485
-4.38723
0.16244
0
0
-0.57735
0.57735
0.57735
-1.39485
-4.63523
0.16244
0
0
-0.57735
-0.57735
0.57735
-0.774855
-3.39523
0.16244
0
0
0
0.707107
0.707107
-0.774855
-3.64323
0.16244
0
0
0
1.11918e-16
1
-0.154855
-3.39523
0.16244
0
0
0.57735
0.57735
0.57735
-0.774855
-3.39523
0.16244
0
0
0
0.707107
0.707107
-0.774855
-3.39523
-0.16244
0
0
0
0.707107
-0.707107
-1.39485
-3.39523
0.16244
0
0
-0.57735
0.57735
0.57735
-0.774855
-4.63523
-0.16244
0
0
0
-0.707107
-0.707107
-0.774855
-4.38723
-0.16244
0
0
0
2.46519e-32
-1
-0.154855
-4.63523
-0.16244
0
0
0.57735
-0.57735
-0.57735
-0.774855
-4.63523
-0.16244
0
0
0
-0.707107
-0.707107
-0.774855
-4.63523
0.16244
0
0
0
-0.707107
0.707107
-1.39485
-4.63523
-0.16244
0
0
-0.57735
-0.57735
-0.57735
-0.794314
-4.13923
0.16244
0
0
-0.57735
-0.57735
0.57735
-0.774855
-4.13923
0.16244
0
0
0
-2.46519e-32
1
-1.39485
-4.13923
0.16244
0
0
-0.57735
-0.57735
0.57735
-0.794314
-4.13923
0.16244
0
0
-0.57735
-0.57735
0.57735
-0.794314
-4.38723
-0.16244
0
0
-0.57735
0.57735
-0.57735
-0.794314
-4.38723
0.16244
0
0
-0.57735
0.57735
0.57735
-0.794314
-4.13923
-0.16244
0
0
-0.57735
-0.57735
-0.57735
-0.794314
-4.13923
0.16244
0
0
-0.57735
-0.57735
0.57735
-1.39485
-4.13923
-0.16244
0
0
-0.57735
-0.57735
-0.57735
-0.794314
-4.13923
-0.16244
0
0
-0.57735
-0.57735
-0.57735
-0.174314
-4.13923
-0.16244
0
0
0
0
0
-0.794314
-4.38723
-0.16244
0
0
-0.57735
0.57735
-0.57735
-0.794314
-4.38723
-0.16244
0
0
-0.57735
0.57735
-0.57735
-0.794314
-4.13923
0.16244
0
0
-0.57735
-0.57735
0.57735
-0.794314
-4.13923
-0.16244
0
0
-0.57735
-0.57735
-0.57735
-0.794314
-4.38723
0.16244
0
0
-0.57735
0.57735
0.57735
-0.794314
-4.38723
-0.16244
0
0
-0.57735
0.57735
-0.57735
-1.39485
-4.38723
0.16244
0
0
-0.57735
0.57735
0.57735
-0.794314
-4.38723
0.16244
0
0
-0.57735
0.57735
0.57735
-0.174314
-4.38723
0.16244
0
0
0
0
0
-0.794314
-4.13923
0.16244
0
0
-0.57735
-0.57735
0.57735
-0.174314
-4.13923
-0.16244
0
0
0
0
0
-0.794314
-4.13923
-0.16244
0
0
-0.57735
-0.57735
-0.57735
-0.774855
-4.13923
-0.16244
0
0
0
3.57453e-31
-1
-0.174314
-4.38723
-0.16244
0
0
0
0
0
-0.794314
-4.38723
-0.16244
0
0
-0.57735
0.57735
-0.57735
-0.174314
-4.13923
-0.16244
0
0
0
0
0
-0.174314
-4.38723
-0.16244
0
0
0
0
0
-0.174314
-4.13923
-0.16244
0
0
0
0
0
-0.774855
-4.38723
-0.16244
0
0
0
2.46519e-32
-1
-0.174314
-4.38723
0.16244
0
0
0
0
0
-0.794314
-4.38723
0.16244
0
0
-0.57735
0.57735
0.57735
-0.774855
-4.38723
0.16244
0
0
0
3.08149e-31
1
-0.174314
-4.13923
0.16244
0
0
0
0
0
-0.794314
-4.13923
0.16244
0
0
-0.57735
-0.57735
0.57735
-0.174314
-4.38723
0.16244
0
0
0
0
0
-0.174314
-4.13923
0.16244
0
0
0
0
0
-0.174314
-4.38723
0.16244
0
0
0
0
0
-0.774855
-4.13923
0.16244
0
0
0
-2.46519e-32
1
-0.757481
-3.64323
0.16244
0
0
-0.57735
-0.57735
0.57735
-0.774855
-3.64323
0.16244
0
0
0
1.11918e-16
1
-1.39485
-3.64323
0.16244
0
0
-0.57735
-0.57735
0.57735
-0.757481
-3.64323
0.16244
0
0
-0.57735
-0.57735
0.57735
-0.757481
-3.89123
-0.16244
0
0
-0.57735
0.57735
-0.57735
-0.757481
-3.89123
0.16244
0
0
-0.57735
0.57735
0.57735
-0.757481
-3.64323
-0.16244
0
0
-0.57735
-0.57735
-0.57735
-0.757481
-3.64323
0.16244
0
0
-0.57735
-0.57735
0.57735
-1.39485
-3.64323
-0.16244
0
0
-0.57735
-0.57735
-0.57735
-0.757481
-3.64323
-0.16244
0
0
-0.57735
-0.57735
-0.57735
-0.137481
-3.64323
-0.16244
0
0
0
0
0
-0.757481
-3.89123
-0.16244
0
0
-0.57735
0.57735
-0.57735
-0.757481
-3.89123
-0.16244
0
0
-0.57735
0.57735
-0.57735
-0.757481
-3.64323
0.16244
0
0
-0.57735
-0.57735
0.57735
-0.757481
-3.64323
-0.16244
0
0
-0.57735
-0.57735
-0.57735
-0.757481
-3.89123
0.16244
0
0
-0.57735
0.57735
0.57735
-0.757481
-3.89123
-0.16244
0
0
-0.57735
0.57735
-0.57735
-1.39485
-3.89123
0.16244
0
0
-0.57735
0.57735
0.57735
-0.757481
-3.89123
0.16244
0
0
-0.57735
0.57735
0.57735
-0.137481
-3.89123
0.16244
0
0
0
0
0
-0.757481
-3.64323
0.16244
0
0
-0.57735
-0.57735
0.57735
-0.137481
-3.64323
-0.16244
0
0
0
0
0
-0.757481
-3.64323
-0.16244
0
0
-0.57735
-0.57735
-0.57735
-0.774855
-3.64323
-0.16244
0
0
0
-1.11918e-16
-1
-0.137481
-3.89123
-0.16244
0
0
0
0
0
-0.757481
-3.89123
-0.16244
0
0
-0.57735
0.57735
-0.57735
-0.137481
-3.64323
-0.16244
0
0
0
0
0
-0.137481
-3.89123
-0.16244
0
0
0
0
0
-0.137481
-3.64323
-0.16244
0
0
0
0
0
-0.774855
-3.89123
-0.16244
0
0
0
-7.39557e-32
-1
-0.137481
-3.89123
0.16244
0
0
0
0
0
-0.757481
-3.89123
0.16244
0
0
-0.57735
0.57735
0.57735
-0.774855
-3.89123
0.16244
0
0
0
7.39557e-32
1
-0.137481
-3.64323
0.16244
0
0
0
0
0
-0.757481
-3.64323
0.16244
0
0
-0.57735
-0.57735
0.57735
-0.137481
-3.89123
0.16244
0
0
0
0
0
-0.137481
-3.64323
0.16244
0
0
0
0
0
-0.137481
-3.89123
0.16244
0
0
0
0
0
-0.774855
-3.64323
0.16244
0
0
0
1.11918e-16
1
